,ISO3_dest,Year,ingreso_stock,Country Code,Ingresos,Electricidad,Contaminación,Crecimiento PBI,Crecimiento PBI per cápita,Desempleo Hombre,Desempleo mujeres,Gasto PBI,Importaciones,Migracion neta,Desempleados con educación avanzada,Tasa de cambio,Pobreza,Mortalidad
0,ABW,1990,11099,,,,,,,,,,,,,,,
1,ABW,1995,19002,,,,,,,,,,,,,,,
2,ABW,2000,26897,,,,,,,,,,,,,,,
3,ABW,2005,30144,,,,,,,,,,,,,,,
4,ABW,2010,32812,,,,,,,,,,,,,,,
5,ABW,2015,34496,,,,,,,,,,,,,,,
6,ABW,2020,51770,,,,,,,,,,,,,,,
7,AFG,1990,50671,,,,,,,,,,,,,,,
8,AFG,1995,55794,,,,,,,,,,,,,,,
9,AFG,2000,60918,,,,,,,,,,,,,,,
10,AFG,2005,67045,,,,,,,,,,,,,,,
11,AFG,2010,73174,,,,,,,,,,,,,,,
12,AFG,2015,284151,,,,,,,,,,,,,,,
13,AFG,2020,107141,,,,,,,,,,,,,,,
14,AGO,1990,27759,,,,,,,,,,,,,,,
15,AGO,1995,33126,,,,,,,,,,,,,,,
16,AGO,2000,38485,,,,,,,,,,,,,,,
17,AGO,2005,49878,,,,,,,,,,,,,,,
18,AGO,2010,61575,,,,,,,,,,,,,,,
19,AGO,2015,121832,,,,,,,,,,,,,,,
20,AGO,2020,154537,,,,,,,,,,,,,,,
21,AIA,1990,1902,,,,,,,,,,,,,,,
22,AIA,1995,2450,,,,,,,,,,,,,,,
23,AIA,2000,2998,,,,,,,,,,,,,,,
24,AIA,2005,3451,,,,,,,,,,,,,,,
25,AIA,2010,3756,,,,,,,,,,,,,,,
26,AIA,2015,4022,,,,,,,,,,,,,,,
27,AIA,2020,4186,,,,,,,,,,,,,,,
28,ALB,1990,58703,,,,,,,,,,,,,,,
29,ALB,1995,63452,,,,,,,,,,,,,,,
30,ALB,2000,68202,,,,,,,,,,,,,,,
31,ALB,2005,57570,,,,,,,,,,,,,,,
32,ALB,2010,46939,,,,,,,,,,,,,,,
33,ALB,2015,46266,,,,,,,,,,,,,,,
34,ALB,2020,43398,,,,,,,,,,,,,,,
35,AND,1990,38137,,,,,,,,,,,,,,,
36,AND,1995,39688,,,,,,,,,,,,,,,
37,AND,2000,41238,,,,,,,,,,,,,,,
38,AND,2005,48526,,,,,,,,,,,,,,,
39,AND,2010,49544,,,,,,,,,,,,,,,
40,AND,2015,39778,,,,,,,,,,,,,,,
41,AND,2020,42876,,,,,,,,,,,,,,,
42,ARE,1990,1287556,,,,,,,,,,,,,,,
43,ARE,1995,1781444,,,,,,,,,,,,,,,
44,ARE,2000,2378173,,,,,,,,,,,,,,,
45,ARE,2005,3183249,,,,,,,,,,,,,,,
46,ARE,2010,7094266,,,,,,,,,,,,,,,
47,ARE,2015,7752055,,,,,,,,,,,,,,,
48,ARE,2020,8451322,,,,,,,,,,,,,,,
49,ARG,1990,1565392,,,,,,,,,,,,,,,
50,ARG,1995,1512538,,,,,,,,,,,,,,,
51,ARG,2000,1459713,,,,,,,,,,,,,,,
52,ARG,2005,1614915,,,,,,,,,,,,,,,
53,ARG,2010,1767689,,,,,,,,,,,,,,,
54,ARG,2015,2042145,,,,,,,,,,,,,,,
55,ARG,2020,2237152,,,,,,,,,,,,,,,
56,ARM,1990,564662,,,,,,,,,,,,,,,
57,ARM,1995,654786,,,,,,,,,,,,,,,
58,ARM,2000,620651,,,,,,,,,,,,,,,
59,ARM,2005,439679,,,,,,,,,,,,,,,
60,ARM,2010,184328,,,,,,,,,,,,,,,
61,ARM,2015,171295,,,,,,,,,,,,,,,
62,ARM,2020,170533,,,,,,,,,,,,,,,
63,ASM,1990,20486,,,,,,,,,,,,,,,
64,ASM,1995,22301,,,,,,,,,,,,,,,
65,ASM,2000,24115,,,,,,,,,,,,,,,
66,ASM,2005,23552,,,,,,,,,,,,,,,
67,ASM,2010,22991,,,,,,,,,,,,,,,
68,ASM,2015,22944,,,,,,,,,,,,,,,
69,ASM,2020,23027,,,,,,,,,,,,,,,
70,ATG,1990,11204,,,,,,,,,,,,,,,
71,ATG,1995,16990,,,,,,,,,,,,,,,
72,ATG,2000,22746,,,,,,,,,,,,,,,
73,ATG,2005,24408,,,,,,,,,,,,,,,
74,ATG,2010,26040,,,,,,,,,,,,,,,
75,ATG,2015,27688,,,,,,,,,,,,,,,
76,ATG,2020,28929,,,,,,,,,,,,,,,
77,AUS,1990,3948318,,,,,,,,,,,,,,,
78,AUS,1995,4125550,,,,,,,,,,,,,,,
79,AUS,2000,4335690,,,,,,,,,,,,,,,
80,AUS,2005,4822142,,,,,,,,,,,,,,,
81,AUS,2010,5816260,,,,,,,,,,,,,,,
82,AUS,2015,6639700,,,,,,,,,,,,,,,
83,AUS,2020,7586588,,,,,,,,,,,,,,,
84,AUT,1990,793239,,,,,,,,,,,,,,,
85,AUT,1995,894893,,,,,,,,,,,,,,,
86,AUT,2000,996547,,,,,,,,,,,,,,,
87,AUT,2005,1127164,,,,,,,,,,,,,,,
88,AUT,2010,1274901,,,,,,,,,,,,,,,
89,AUT,2015,1483123,,,,,,,,,,,,,,,
90,AUT,2020,1738183,,,,,,,,,,,,,,,
91,AZE,1990,357078,,,,,,,,,,,,,,,
92,AZE,1995,340965,,,,,,,,,,,,,,,
93,AZE,2000,325050,,,,,,,,,,,,,,,
94,AZE,2005,299730,,,,,,,,,,,,,,,
95,AZE,2010,274411,,,,,,,,,,,,,,,
96,AZE,2015,261751,,,,,,,,,,,,,,,
97,AZE,2020,249834,,,,,,,,,,,,,,,
98,BDI,1990,273491,,,,,,,,,,,,,,,
99,BDI,1995,214117,,,,,,,,,,,,,,,
100,BDI,2000,111921,,,,,,,,,,,,,,,
101,BDI,2005,175940,,,,,,,,,,,,,,,
102,BDI,2010,227702,,,,,,,,,,,,,,,
103,BDI,2015,270969,,,,,,,,,,,,,,,
104,BDI,2020,312830,,,,,,,,,,,,,,,
105,BEL,1990,1254343,,,,,,,,,,,,,,,
106,BEL,1995,1235497,,,,,,,,,,,,,,,
107,BEL,2000,1175703,,,,,,,,,,,,,,,
108,BEL,2005,1194820,,,,,,,,,,,,,,,
109,BEL,2010,1417319,,,,,,,,,,,,,,,
110,BEL,2015,1675725,,,,,,,,,,,,,,,
111,BEL,2020,1891970,,,,,,,,,,,,,,,
112,BEN,1990,69038,,,,,,,,,,,,,,,
113,BEN,1995,95086,,,,,,,,,,,,,,,
114,BEN,2000,121139,,,,,,,,,,,,,,,
115,BEN,2005,222838,,,,,,,,,,,,,,,
116,BEN,2010,276506,,,,,,,,,,,,,,,
117,BEN,2015,327296,,,,,,,,,,,,,,,
118,BEN,2020,352298,,,,,,,,,,,,,,,
119,BES,1990,0,,,,,,,,,,,,,,,
120,BES,1995,0,,,,,,,,,,,,,,,
121,BES,2000,0,,,,,,,,,,,,,,,
122,BES,2005,0,,,,,,,,,,,,,,,
123,BES,2010,0,,,,,,,,,,,,,,,
124,BES,2015,0,,,,,,,,,,,,,,,
125,BES,2020,0,,,,,,,,,,,,,,,
126,BFA,1990,326879,,,,,,,,,,,,,,,
127,BFA,1995,435776,,,,,,,,,,,,,,,
128,BFA,2000,485979,,,,,,,,,,,,,,,
129,BFA,2005,557720,,,,,,,,,,,,,,,
130,BFA,2010,629595,,,,,,,,,,,,,,,
131,BFA,2015,658342,,,,,,,,,,,,,,,
132,BFA,2020,675820,,,,,,,,,,,,,,,
133,BGD,1990,741548,,,,,,,,,,,,,,,
134,BGD,1995,800479,,,,,,,,,,,,,,,
135,BGD,2000,859424,,,,,,,,,,,,,,,
136,BGD,2005,892782,,,,,,,,,,,,,,,
137,BGD,2010,1100737,,,,,,,,,,,,,,,
138,BGD,2015,1138134,,,,,,,,,,,,,,,
139,BGD,2020,1790721,,,,,,,,,,,,,,,
140,BGR,1990,19077,,,,,,,,,,,,,,,
141,BGR,1995,30380,,,,,,,,,,,,,,,
142,BGR,2000,41598,,,,,,,,,,,,,,,
143,BGR,2005,59573,,,,,,,,,,,,,,,
144,BGR,2010,74953,,,,,,,,,,,,,,,
145,BGR,2015,123405,,,,,,,,,,,,,,,
146,BGR,2020,183806,,,,,,,,,,,,,,,
147,BHR,1990,170701,,,,,,,,,,,,,,,
148,BHR,1995,201392,,,,,,,,,,,,,,,
149,BHR,2000,232683,,,,,,,,,,,,,,,
150,BHR,2005,392112,,,,,,,,,,,,,,,
151,BHR,2010,638094,,,,,,,,,,,,,,,
152,BHR,2015,691775,,,,,,,,,,,,,,,
153,BHR,2020,896286,,,,,,,,,,,,,,,
154,BHS,1990,25319,,,,,,,,,,,,,,,
155,BHS,1995,30680,,,,,,,,,,,,,,,
156,BHS,2000,36041,,,,,,,,,,,,,,,
157,BHS,2005,44923,,,,,,,,,,,,,,,
158,BHS,2010,53806,,,,,,,,,,,,,,,
159,BHS,2015,58298,,,,,,,,,,,,,,,
160,BHS,2020,62427,,,,,,,,,,,,,,,
161,BIH,1990,54542,,,,,,,,,,,,,,,
162,BIH,1995,68250,,,,,,,,,,,,,,,
163,BIH,2000,81959,,,,,,,,,,,,,,,
164,BIH,2005,46518,,,,,,,,,,,,,,,
165,BIH,2010,37841,,,,,,,,,,,,,,,
166,BIH,2015,37621,,,,,,,,,,,,,,,
167,BIH,2020,35154,,,,,,,,,,,,,,,
168,BLR,1990,1248782,,,,,,,,,,,,,,,
169,BLR,1995,1186020,,,,,,,,,,,,,,,
170,BLR,2000,1123275,,,,,,,,,,,,,,,
171,BLR,2005,1106673,,,,,,,,,,,,,,,
172,BLR,2010,1090088,,,,,,,,,,,,,,,
173,BLR,2015,1082594,,,,,,,,,,,,,,,
174,BLR,2020,1066786,,,,,,,,,,,,,,,
175,BLZ,1990,29314,,,,,,,,,,,,,,,
176,BLZ,1995,32317,,,,,,,,,,,,,,,
177,BLZ,2000,35321,,,,,,,,,,,,,,,
178,BLZ,2005,40138,,,,,,,,,,,,,,,
179,BLZ,2010,45197,,,,,,,,,,,,,,,
180,BLZ,2015,53295,,,,,,,,,,,,,,,
181,BLZ,2020,60464,,,,,,,,,,,,,,,
182,BMU,1990,15030,,,,,,,,,,,,,,,
183,BMU,1995,15980,,,,,,,,,,,,,,,
184,BMU,2000,15305,,,,,,,,,,,,,,,
185,BMU,2005,15692,,,,,,,,,,,,,,,
186,BMU,2010,16099,,,,,,,,,,,,,,,
187,BMU,2015,16822,,,,,,,,,,,,,,,
188,BMU,2020,17470,,,,,,,,,,,,,,,
189,BOL,1990,72706,,,,,,,,,,,,,,,
190,BOL,1995,82464,,,,,,,,,,,,,,,
191,BOL,2000,91453,,,,,,,,,,,,,,,
192,BOL,2005,105693,,,,,,,,,,,,,,,
193,BOL,2010,119859,,,,,,,,,,,,,,,
194,BOL,2015,139669,,,,,,,,,,,,,,,
195,BOL,2020,160189,,,,,,,,,,,,,,,
196,BRA,1990,770323,,,,,,,,,,,,,,,
197,BRA,1995,713984,,,,,,,,,,,,,,,
198,BRA,2000,657613,,,,,,,,,,,,,,,
199,BRA,2005,622082,,,,,,,,,,,,,,,
200,BRA,2010,586921,,,,,,,,,,,,,,,
201,BRA,2015,693686,,,,,,,,,,,,,,,
202,BRA,2020,1061502,,,,,,,,,,,,,,,
203,BRB,1990,18452,,,,,,,,,,,,,,,
204,BRB,1995,20140,,,,,,,,,,,,,,,
205,BRB,2000,21831,,,,,,,,,,,,,,,
206,BRB,2005,20652,,,,,,,,,,,,,,,
207,BRB,2010,19424,,,,,,,,,,,,,,,
208,BRB,2015,20397,,,,,,,,,,,,,,,
209,BRB,2020,20597,,,,,,,,,,,,,,,
210,BRN,1990,72400,,,,,,,,,,,,,,,
211,BRN,1995,83870,,,,,,,,,,,,,,,
212,BRN,2000,95333,,,,,,,,,,,,,,,
213,BRN,2005,97457,,,,,,,,,,,,,,,
214,BRN,2010,99582,,,,,,,,,,,,,,,
215,BRN,2015,101707,,,,,,,,,,,,,,,
216,BRN,2020,110816,,,,,,,,,,,,,,,
217,BTN,1990,21982,,,,,,,,,,,,,,,
218,BTN,1995,25828,,,,,,,,,,,,,,,
219,BTN,2000,29673,,,,,,,,,,,,,,,
220,BTN,2005,37191,,,,,,,,,,,,,,,
221,BTN,2010,44708,,,,,,,,,,,,,,,
222,BTN,2015,47189,,,,,,,,,,,,,,,
223,BTN,2020,49514,,,,,,,,,,,,,,,
224,BWA,1990,25829,,,,,,,,,,,,,,,
225,BWA,1995,35261,,,,,,,,,,,,,,,
226,BWA,2000,48400,,,,,,,,,,,,,,,
227,BWA,2005,77107,,,,,,,,,,,,,,,
228,BWA,2010,88808,,,,,,,,,,,,,,,
229,BWA,2015,96459,,,,,,,,,,,,,,,
230,BWA,2020,103163,,,,,,,,,,,,,,,
231,CAF,1990,57307,,,,,,,,,,,,,,,
232,CAF,1995,75910,,,,,,,,,,,,,,,
233,CAF,2000,87922,,,,,,,,,,,,,,,
234,CAF,2005,68632,,,,,,,,,,,,,,,
235,CAF,2010,67406,,,,,,,,,,,,,,,
236,CAF,2015,58057,,,,,,,,,,,,,,,
237,CAF,2020,63665,,,,,,,,,,,,,,,
238,CAN,1990,4327805,,,,,,,,,,,,,,,
239,CAN,1995,4858489,,,,,,,,,,,,,,,
240,CAN,2000,5504699,,,,,,,,,,,,,,,
241,CAN,2005,6071574,,,,,,,,,,,,,,,
242,CAN,2010,6751310,,,,,,,,,,,,,,,
243,CAN,2015,7424859,,,,,,,,,,,,,,,
244,CAN,2020,8045011,,,,,,,,,,,,,,,
245,CHE,1990,1201146,,,,,,,,,,,,,,,
246,CHE,1995,1312818,,,,,,,,,,,,,,,
247,CHE,2000,1468417,,,,,,,,,,,,,,,
248,CHE,2005,1696834,,,,,,,,,,,,,,,
249,CHE,2010,1940267,,,,,,,,,,,,,,,
250,CHE,2015,2180825,,,,,,,,,,,,,,,
251,CHE,2020,2396246,,,,,,,,,,,,,,,
252,CHL,1990,89313,,,,,,,,,,,,,,,
253,CHL,1995,122144,,,,,,,,,,,,,,,
254,CHL,2000,154883,,,,,,,,,,,,,,,
255,CHL,2005,239371,,,,,,,,,,,,,,,
256,CHL,2010,323764,,,,,,,,,,,,,,,
257,CHL,2015,561576,,,,,,,,,,,,,,,
258,CHL,2020,1602394,,,,,,,,,,,,,,,
259,CHN,1990,356664,,,,,,,,,,,,,,,
260,CHN,1995,406844,,,,,,,,,,,,,,,
261,CHN,2000,456065,,,,,,,,,,,,,,,
262,CHN,2005,603808,,,,,,,,,,,,,,,
263,CHN,2010,754946,,,,,,,,,,,,,,,
264,CHN,2015,860968,,,,,,,,,,,,,,,
265,CHN,2020,912307,,,,,,,,,,,,,,,
266,CIV,1990,1794958,,,,,,,,,,,,,,,
267,CIV,1995,2038795,,,,,,,,,,,,,,,
268,CIV,2000,2103321,,,,,,,,,,,,,,,
269,CIV,2005,2201917,,,,,,,,,,,,,,,
270,CIV,2010,2300514,,,,,,,,,,,,,,,
271,CIV,2015,2401128,,,,,,,,,,,,,,,
272,CIV,2020,2490044,,,,,,,,,,,,,,,
273,CMR,1990,212475,,,,,,,,,,,,,,,
274,CMR,1995,197678,,,,,,,,,,,,,,,
275,CMR,2000,182879,,,,,,,,,,,,,,,
276,CMR,2005,241660,,,,,,,,,,,,,,,
277,CMR,2010,281325,,,,,,,,,,,,,,,
278,CMR,2015,491010,,,,,,,,,,,,,,,
279,CMR,2020,563474,,,,,,,,,,,,,,,
280,COD,1990,663006,,,,,,,,,,,,,,,
281,COD,1995,1715920,,,,,,,,,,,,,,,
282,COD,2000,617393,,,,,,,,,,,,,,,
283,COD,2005,493958,,,,,,,,,,,,,,,
284,COD,2010,429634,,,,,,,,,,,,,,,
285,COD,2015,775534,,,,,,,,,,,,,,,
286,COD,2020,919308,,,,,,,,,,,,,,,
287,COG,1990,121479,,,,,,,,,,,,,,,
288,COG,1995,185581,,,,,,,,,,,,,,,
289,COG,2000,299391,,,,,,,,,,,,,,,
290,COG,2005,311670,,,,,,,,,,,,,,,
291,COG,2010,411152,,,,,,,,,,,,,,,
292,COG,2015,381703,,,,,,,,,,,,,,,
293,COG,2020,379201,,,,,,,,,,,,,,,
294,COK,1990,2511,,,,,,,,,,,,,,,
295,COK,1995,2607,,,,,,,,,,,,,,,
296,COK,2000,2703,,,,,,,,,,,,,,,
297,COK,2005,2902,,,,,,,,,,,,,,,
298,COK,2010,3100,,,,,,,,,,,,,,,
299,COK,2015,3458,,,,,,,,,,,,,,,
300,COK,2020,3793,,,,,,,,,,,,,,,
301,COL,1990,93339,,,,,,,,,,,,,,,
302,COL,1995,96910,,,,,,,,,,,,,,,
303,COL,2000,100468,,,,,,,,,,,,,,,
304,COL,2005,98561,,,,,,,,,,,,,,,
305,COL,2010,120955,,,,,,,,,,,,,,,
306,COL,2015,148532,,,,,,,,,,,,,,,
307,COL,2020,1893004,,,,,,,,,,,,,,,
308,COM,1990,12560,,,,,,,,,,,,,,,
309,COM,1995,12435,,,,,,,,,,,,,,,
310,COM,2000,12310,,,,,,,,,,,,,,,
311,COM,2005,11783,,,,,,,,,,,,,,,
312,COM,2010,11255,,,,,,,,,,,,,,,
313,COM,2015,11204,,,,,,,,,,,,,,,
314,COM,2020,11146,,,,,,,,,,,,,,,
315,CPV,1990,7144,,,,,,,,,,,,,,,
316,CPV,1995,8922,,,,,,,,,,,,,,,
317,CPV,2000,10683,,,,,,,,,,,,,,,
318,CPV,2005,11813,,,,,,,,,,,,,,,
319,CPV,2010,12921,,,,,,,,,,,,,,,
320,CPV,2015,13416,,,,,,,,,,,,,,,
321,CPV,2020,14169,,,,,,,,,,,,,,,
322,CRI,1990,209203,,,,,,,,,,,,,,,
323,CRI,1995,203783,,,,,,,,,,,,,,,
324,CRI,2000,300251,,,,,,,,,,,,,,,
325,CRI,2005,318076,,,,,,,,,,,,,,,
326,CRI,2010,392094,,,,,,,,,,,,,,,
327,CRI,2015,397638,,,,,,,,,,,,,,,
328,CRI,2020,503841,,,,,,,,,,,,,,,
329,CUB,1990,29587,,,,,,,,,,,,,,,
330,CUB,1995,22432,,,,,,,,,,,,,,,
331,CUB,2000,15726,,,,,,,,,,,,,,,
332,CUB,2005,10090,,,,,,,,,,,,,,,
333,CUB,2010,6509,,,,,,,,,,,,,,,
334,CUB,2015,4208,,,,,,,,,,,,,,,
335,CUB,2020,2806,,,,,,,,,,,,,,,
336,CUW,1990,0,,,,,,,,,,,,,,,
337,CUW,1995,0,,,,,,,,,,,,,,,
338,CUW,2000,0,,,,,,,,,,,,,,,
339,CUW,2005,0,,,,,,,,,,,,,,,
340,CUW,2010,34151,,,,,,,,,,,,,,,
341,CUW,2015,37047,,,,,,,,,,,,,,,
342,CUW,2020,56531,,,,,,,,,,,,,,,
343,CYM,1990,9240,,,,,,,,,,,,,,,
344,CYM,1995,12591,,,,,,,,,,,,,,,
345,CYM,2000,19082,,,,,,,,,,,,,,,
346,CYM,2005,20593,,,,,,,,,,,,,,,
347,CYM,2010,23975,,,,,,,,,,,,,,,
348,CYM,2015,26100,,,,,,,,,,,,,,,
349,CYM,2020,29076,,,,,,,,,,,,,,,
350,CYP,1990,43432,,,,,,,,,,,,,,,
351,CYP,1995,61451,,,,,,,,,,,,,,,
352,CYP,2000,79394,,,,,,,,,,,,,,,
353,CYP,2005,121865,,,,,,,,,,,,,,,
354,CYP,2010,186889,,,,,,,,,,,,,,,
355,CYP,2015,174319,,,,,,,,,,,,,,,
356,CYP,2020,187755,,,,,,,,,,,,,,,
357,CZE,1990,110394,,,,,,,,,,,,,,,
358,CZE,1995,165592,,,,,,,,,,,,,,,
359,CZE,2000,220789,,,,,,,,,,,,,,,
360,CZE,2005,322540,,,,,,,,,,,,,,,
361,CZE,2010,394084,,,,,,,,,,,,,,,
362,CZE,2015,412216,,,,,,,,,,,,,,,
363,CZE,2020,536605,,,,,,,,,,,,,,,
364,DEU,1990,5930898,,,,,,,,,,,,,,,
365,DEU,1995,7417354,,,,,,,,,,,,,,,
366,DEU,2000,8936797,,,,,,,,,,,,,,,
367,DEU,2005,9226966,,,,,,,,,,,,,,,
368,DEU,2010,9711846,,,,,,,,,,,,,,,
369,DEU,2015,10120798,,,,,,,,,,,,,,,
370,DEU,2020,15628769,,,,,,,,,,,,,,,
371,DJI,1990,114910,,,,,,,,,,,,,,,
372,DJI,1995,93804,,,,,,,,,,,,,,,
373,DJI,2000,94491,,,,,,,,,,,,,,,
374,DJI,2005,86600,,,,,,,,,,,,,,,
375,DJI,2010,96189,,,,,,,,,,,,,,,
376,DJI,2015,105985,,,,,,,,,,,,,,,
377,DJI,2020,112876,,,,,,,,,,,,,,,
378,DMA,1990,2055,,,,,,,,,,,,,,,
379,DMA,1995,2704,,,,,,,,,,,,,,,
380,DMA,2000,3225,,,,,,,,,,,,,,,
381,DMA,2005,3958,,,,,,,,,,,,,,,
382,DMA,2010,6539,,,,,,,,,,,,,,,
383,DMA,2015,6495,,,,,,,,,,,,,,,
384,DMA,2020,6624,,,,,,,,,,,,,,,
385,DNK,1990,235189,,,,,,,,,,,,,,,
386,DNK,1995,303108,,,,,,,,,,,,,,,
387,DNK,2000,371026,,,,,,,,,,,,,,,
388,DNK,2005,440383,,,,,,,,,,,,,,,
389,DNK,2010,484296,,,,,,,,,,,,,,,
390,DNK,2015,582501,,,,,,,,,,,,,,,
391,DNK,2020,704832,,,,,,,,,,,,,,,
392,DOM,1990,289949,,,,,,,,,,,,,,,
393,DOM,1995,322076,,,,,,,,,,,,,,,
394,DOM,2000,354141,,,,,,,,,,,,,,,
395,DOM,2005,370688,,,,,,,,,,,,,,,
396,DOM,2010,387489,,,,,,,,,,,,,,,
397,DOM,2015,540821,,,,,,,,,,,,,,,
398,DOM,2020,595006,,,,,,,,,,,,,,,
399,DZA,1990,258623,,,,,,,,,,,,,,,
400,DZA,1995,250204,,,,,,,,,,,,,,,
401,DZA,2000,241786,,,,,,,,,,,,,,,
402,DZA,2005,191145,,,,,,,,,,,,,,,
403,DZA,2010,210024,,,,,,,,,,,,,,,
404,DZA,2015,231590,,,,,,,,,,,,,,,
405,DZA,2020,242157,,,,,,,,,,,,,,,
406,ECU,1990,78436,,,,,,,,,,,,,,,
407,ECU,1995,100213,,,,,,,,,,,,,,,
408,ECU,2000,121958,,,,,,,,,,,,,,,
409,ECU,2005,154577,,,,,,,,,,,,,,,
410,ECU,2010,318962,,,,,,,,,,,,,,,
411,ECU,2015,316204,,,,,,,,,,,,,,,
412,ECU,2020,710263,,,,,,,,,,,,,,,
413,EGY,1990,164324,,,,,,,,,,,,,,,
414,EGY,1995,157862,,,,,,,,,,,,,,,
415,EGY,2000,173927,,,,,,,,,,,,,,,
416,EGY,2005,262661,,,,,,,,,,,,,,,
417,EGY,2010,293547,,,,,,,,,,,,,,,
418,EGY,2015,347563,,,,,,,,,,,,,,,
419,EGY,2020,518625,,,,,,,,,,,,,,,
420,ERI,1990,10766,,,,,,,,,,,,,,,
421,ERI,1995,11030,,,,,,,,,,,,,,,
422,ERI,2000,11295,,,,,,,,,,,,,,,
423,ERI,2005,14218,,,,,,,,,,,,,,,
424,ERI,2010,13985,,,,,,,,,,,,,,,
425,ERI,2015,13728,,,,,,,,,,,,,,,
426,ERI,2020,11971,,,,,,,,,,,,,,,
427,ESH,1990,2580,,,,,,,,,,,,,,,
428,ESH,1995,2865,,,,,,,,,,,,,,,
429,ESH,2000,3157,,,,,,,,,,,,,,,
430,ESH,2005,3734,,,,,,,,,,,,,,,
431,ESH,2010,4312,,,,,,,,,,,,,,,
432,ESH,2015,4967,,,,,,,,,,,,,,,
433,ESH,2020,5195,,,,,,,,,,,,,,,
434,ESP,1990,817573,,,,,,,,,,,,,,,
435,ESP,1995,1012489,,,,,,,,,,,,,,,
436,ESP,2000,1646790,,,,,,,,,,,,,,,
437,ESP,2005,4102922,,,,,,,,,,,,,,,
438,ESP,2010,6278022,,,,,,,,,,,,,,,
439,ESP,2015,5876030,,,,,,,,,,,,,,,
440,ESP,2020,6822985,,,,,,,,,,,,,,,
441,EST,1990,381355,,,,,,,,,,,,,,,
442,EST,1995,315177,,,,,,,,,,,,,,,
443,EST,2000,248999,,,,,,,,,,,,,,,
444,EST,2005,233186,,,,,,,,,,,,,,,
445,EST,2010,217814,,,,,,,,,,,,,,,
446,EST,2015,194645,,,,,,,,,,,,,,,
447,EST,2020,199250,,,,,,,,,,,,,,,
448,ETH,1990,1125957,,,,,,,,,,,,,,,
449,ETH,1995,765390,,,,,,,,,,,,,,,
450,ETH,2000,549918,,,,,,,,,,,,,,,
451,ETH,2005,469380,,,,,,,,,,,,,,,
452,ETH,2010,543568,,,,,,,,,,,,,,,
453,ETH,2015,1089737,,,,,,,,,,,,,,,
454,ETH,2020,1061723,,,,,,,,,,,,,,,
455,FIN,1990,52821,,,,,,,,,,,,,,,
456,FIN,1995,66039,,,,,,,,,,,,,,,
457,FIN,2000,79490,,,,,,,,,,,,,,,
458,FIN,2005,136675,,,,,,,,,,,,,,,
459,FIN,2010,173803,,,,,,,,,,,,,,,
460,FIN,2015,254192,,,,,,,,,,,,,,,
461,FIN,2020,318160,,,,,,,,,,,,,,,
462,FJI,1990,11655,,,,,,,,,,,,,,,
463,FJI,1995,11396,,,,,,,,,,,,,,,
464,FJI,2000,11120,,,,,,,,,,,,,,,
465,FJI,2005,10829,,,,,,,,,,,,,,,
466,FJI,2010,11627,,,,,,,,,,,,,,,
467,FJI,2015,11975,,,,,,,,,,,,,,,
468,FJI,2020,12253,,,,,,,,,,,,,,,
469,FLK,1990,824,,,,,,,,,,,,,,,
470,FLK,1995,828,,,,,,,,,,,,,,,
471,FLK,2000,1024,,,,,,,,,,,,,,,
472,FLK,2005,1106,,,,,,,,,,,,,,,
473,FLK,2010,1377,,,,,,,,,,,,,,,
474,FLK,2015,1506,,,,,,,,,,,,,,,
475,FLK,2020,1872,,,,,,,,,,,,,,,
476,FRA,1990,5897267,,,,,,,,,,,,,,,
477,FRA,1995,6087993,,,,,,,,,,,,,,,
478,FRA,2000,6278718,,,,,,,,,,,,,,,
479,FRA,2005,6737600,,,,,,,,,,,,,,,
480,FRA,2010,7309986,,,,,,,,,,,,,,,
481,FRA,2015,7878338,,,,,,,,,,,,,,,
482,FRA,2020,8524876,,,,,,,,,,,,,,,
483,FRO,1990,4140,,,,,,,,,,,,,,,
484,FRO,1995,2799,,,,,,,,,,,,,,,
485,FRO,2000,3426,,,,,,,,,,,,,,,
486,FRO,2005,4372,,,,,,,,,,,,,,,
487,FRO,2010,4837,,,,,,,,,,,,,,,
488,FRO,2015,5186,,,,,,,,,,,,,,,
489,FRO,2020,6375,,,,,,,,,,,,,,,
490,FSM,1990,1242,,,,,,,,,,,,,,,
491,FSM,1995,1127,,,,,,,,,,,,,,,
492,FSM,2000,1052,,,,,,,,,,,,,,,
493,FSM,2005,997,,,,,,,,,,,,,,,
494,FSM,2010,972,,,,,,,,,,,,,,,
495,FSM,2015,960,,,,,,,,,,,,,,,
496,FSM,2020,964,,,,,,,,,,,,,,,
497,GAB,1990,124824,,,,,,,,,,,,,,,
498,GAB,1995,166930,,,,,,,,,,,,,,,
499,GAB,2000,208806,,,,,,,,,,,,,,,
500,GAB,2005,227704,,,,,,,,,,,,,,,
501,GAB,2010,263724,,,,,,,,,,,,,,,
502,GAB,2015,368751,,,,,,,,,,,,,,,
503,GAB,2020,405666,,,,,,,,,,,,,,,
504,GBR,1990,3623204,,,,,,,,,,,,,,,
505,GBR,1995,4116655,,,,,,,,,,,,,,,
506,GBR,2000,4679537,,,,,,,,,,,,,,,
507,GBR,2005,5872176,,,,,,,,,,,,,,,
508,GBR,2010,7062674,,,,,,,,,,,,,,,
509,GBR,2015,8357120,,,,,,,,,,,,,,,
510,GBR,2020,9303489,,,,,,,,,,,,,,,
511,GEO,1990,289184,,,,,,,,,,,,,,,
512,GEO,1995,149590,,,,,,,,,,,,,,,
513,GEO,2000,73194,,,,,,,,,,,,,,,
514,GEO,2005,68511,,,,,,,,,,,,,,,
515,GEO,2010,70189,,,,,,,,,,,,,,,
516,GEO,2015,73673,,,,,,,,,,,,,,,
517,GEO,2020,76254,,,,,,,,,,,,,,,
518,GHA,1990,153715,,,,,,,,,,,,,,,
519,GHA,1995,241780,,,,,,,,,,,,,,,
520,GHA,2000,179184,,,,,,,,,,,,,,,
521,GHA,2005,276975,,,,,,,,,,,,,,,
522,GHA,2010,287801,,,,,,,,,,,,,,,
523,GHA,2015,353230,,,,,,,,,,,,,,,
524,GHA,2020,405709,,,,,,,,,,,,,,,
525,GIB,1990,7438,,,,,,,,,,,,,,,
526,GIB,1995,7115,,,,,,,,,,,,,,,
527,GIB,2000,6791,,,,,,,,,,,,,,,
528,GIB,2005,7492,,,,,,,,,,,,,,,
529,GIB,2010,8192,,,,,,,,,,,,,,,
530,GIB,2015,8741,,,,,,,,,,,,,,,
531,GIB,2020,8842,,,,,,,,,,,,,,,
532,GIN,1990,399986,,,,,,,,,,,,,,,
533,GIN,1995,769222,,,,,,,,,,,,,,,
534,GIN,2000,550515,,,,,,,,,,,,,,,
535,GIN,2005,191724,,,,,,,,,,,,,,,
536,GIN,2010,129250,,,,,,,,,,,,,,,
537,GIN,2015,116432,,,,,,,,,,,,,,,
538,GIN,2020,111684,,,,,,,,,,,,,,,
539,GLP,1990,61948,,,,,,,,,,,,,,,
540,GLP,1995,70073,,,,,,,,,,,,,,,
541,GLP,2000,78184,,,,,,,,,,,,,,,
542,GLP,2005,83926,,,,,,,,,,,,,,,
543,GLP,2010,89657,,,,,,,,,,,,,,,
544,GLP,2015,85891,,,,,,,,,,,,,,,
545,GLP,2020,85028,,,,,,,,,,,,,,,
546,GMB,1990,114683,,,,,,,,,,,,,,,
547,GMB,1995,146646,,,,,,,,,,,,,,,
548,GMB,2000,177198,,,,,,,,,,,,,,,
549,GMB,2005,176680,,,,,,,,,,,,,,,
550,GMB,2010,180447,,,,,,,,,,,,,,,
551,GMB,2015,186955,,,,,,,,,,,,,,,
552,GMB,2020,209397,,,,,,,,,,,,,,,
553,GNB,1990,14726,,,,,,,,,,,,,,,
554,GNB,1995,26883,,,,,,,,,,,,,,,
555,GNB,2000,18937,,,,,,,,,,,,,,,
556,GNB,2005,19654,,,,,,,,,,,,,,,
557,GNB,2010,20410,,,,,,,,,,,,,,,
558,GNB,2015,21642,,,,,,,,,,,,,,,
559,GNB,2020,16774,,,,,,,,,,,,,,,
560,GNQ,1990,2214,,,,,,,,,,,,,,,
561,GNQ,1995,2934,,,,,,,,,,,,,,,
562,GNQ,2000,3650,,,,,,,,,,,,,,,
563,GNQ,2005,5325,,,,,,,,,,,,,,,
564,GNQ,2010,6996,,,,,,,,,,,,,,,
565,GNQ,2015,8746,,,,,,,,,,,,,,,
566,GNQ,2020,10506,,,,,,,,,,,,,,,
567,GRC,1990,618137,,,,,,,,,,,,,,,
568,GRC,1995,857847,,,,,,,,,,,,,,,
569,GRC,2000,1111661,,,,,,,,,,,,,,,
570,GRC,2005,1190704,,,,,,,,,,,,,,,
571,GRC,2010,1321147,,,,,,,,,,,,,,,
572,GRC,2015,1242923,,,,,,,,,,,,,,,
573,GRC,2020,1340456,,,,,,,,,,,,,,,
574,GRD,1990,2793,,,,,,,,,,,,,,,
575,GRD,1995,3570,,,,,,,,,,,,,,,
576,GRD,2000,4355,,,,,,,,,,,,,,,
577,GRD,2005,4557,,,,,,,,,,,,,,,
578,GRD,2010,4771,,,,,,,,,,,,,,,
579,GRD,2015,4823,,,,,,,,,,,,,,,
580,GRD,2020,4905,,,,,,,,,,,,,,,
581,GRL,1990,9222,,,,,,,,,,,,,,,
582,GRL,1995,7039,,,,,,,,,,,,,,,
583,GRL,2000,6479,,,,,,,,,,,,,,,
584,GRL,2005,6407,,,,,,,,,,,,,,,
585,GRL,2010,5884,,,,,,,,,,,,,,,
586,GRL,2015,5727,,,,,,,,,,,,,,,
587,GRL,2020,5618,,,,,,,,,,,,,,,
588,GTM,1990,264169,,,,,,,,,,,,,,,
589,GTM,1995,156124,,,,,,,,,,,,,,,
590,GTM,2000,48056,,,,,,,,,,,,,,,
591,GTM,2005,57179,,,,,,,,,,,,,,,
592,GTM,2010,66302,,,,,,,,,,,,,,,
593,GTM,2015,72714,,,,,,,,,,,,,,,
594,GTM,2020,82004,,,,,,,,,,,,,,,
595,GUF,1990,60358,,,,,,,,,,,,,,,
596,GUF,1995,66516,,,,,,,,,,,,,,,
597,GUF,2000,72668,,,,,,,,,,,,,,,
598,GUF,2005,82544,,,,,,,,,,,,,,,
599,GUF,2010,92413,,,,,,,,,,,,,,,
600,GUF,2015,100048,,,,,,,,,,,,,,,
601,GUF,2020,112439,,,,,,,,,,,,,,,
602,GUM,1990,67120,,,,,,,,,,,,,,,
603,GUM,1995,69255,,,,,,,,,,,,,,,
604,GUM,2000,71382,,,,,,,,,,,,,,,
605,GUM,2005,72168,,,,,,,,,,,,,,,
606,GUM,2010,72950,,,,,,,,,,,,,,,
607,GUM,2015,73602,,,,,,,,,,,,,,,
608,GUM,2020,77844,,,,,,,,,,,,,,,
609,GUY,1990,3674,,,,,,,,,,,,,,,
610,GUY,1995,5631,,,,,,,,,,,,,,,
611,GUY,2000,7580,,,,,,,,,,,,,,,
612,GUY,2005,9984,,,,,,,,,,,,,,,
613,GUY,2010,7708,,,,,,,,,,,,,,,
614,GUY,2015,8152,,,,,,,,,,,,,,,
615,GUY,2020,30636,,,,,,,,,,,,,,,
616,HKG,1990,2000265,,,,,,,,,,,,,,,
617,HKG,1995,2152873,,,,,,,,,,,,,,,
618,HKG,2000,2305464,,,,,,,,,,,,,,,
619,HKG,2005,2524034,,,,,,,,,,,,,,,
620,HKG,2010,2748711,,,,,,,,,,,,,,,
621,HKG,2015,2809169,,,,,,,,,,,,,,,
622,HKG,2020,2929168,,,,,,,,,,,,,,,
623,HND,1990,270279,,,,,,,,,,,,,,,
624,HND,1995,149299,,,,,,,,,,,,,,,
625,HND,2000,28320,,,,,,,,,,,,,,,
626,HND,2005,27737,,,,,,,,,,,,,,,
627,HND,2010,27153,,,,,,,,,,,,,,,
628,HND,2015,38107,,,,,,,,,,,,,,,
629,HND,2020,38944,,,,,,,,,,,,,,,
630,HRV,1990,371626,,,,,,,,,,,,,,,
631,HRV,1995,563714,,,,,,,,,,,,,,,
632,HRV,2000,480163,,,,,,,,,,,,,,,
633,HRV,2005,516819,,,,,,,,,,,,,,,
634,HRV,2010,553434,,,,,,,,,,,,,,,
635,HRV,2015,555944,,,,,,,,,,,,,,,
636,HRV,2020,523138,,,,,,,,,,,,,,,
637,HTI,1990,17725,,,,,,,,,,,,,,,
638,HTI,1995,16827,,,,,,,,,,,,,,,
639,HTI,2000,15973,,,,,,,,,,,,,,,
640,HTI,2005,15163,,,,,,,,,,,,,,,
641,HTI,2010,15912,,,,,,,,,,,,,,,
642,HTI,2015,16696,,,,,,,,,,,,,,,
643,HTI,2020,17462,,,,,,,,,,,,,,,
644,HUN,1990,336699,,,,,,,,,,,,,,,
645,HUN,1995,313738,,,,,,,,,,,,,,,
646,HUN,2000,290701,,,,,,,,,,,,,,,
647,HUN,2005,359128,,,,,,,,,,,,,,,
648,HUN,2010,427447,,,,,,,,,,,,,,,
649,HUN,2015,457012,,,,,,,,,,,,,,,
650,HUN,2020,554034,,,,,,,,,,,,,,,
651,IDN,1990,374951,,,,,,,,,,,,,,,
652,IDN,1995,318970,,,,,,,,,,,,,,,
653,IDN,2000,262999,,,,,,,,,,,,,,,
654,IDN,2005,258386,,,,,,,,,,,,,,,
655,IDN,2010,270353,,,,,,,,,,,,,,,
656,IDN,2015,299297,,,,,,,,,,,,,,,
657,IDN,2020,314664,,,,,,,,,,,,,,,
658,IMN,1990,32958,,,,,,,,,,,,,,,
659,IMN,1995,35044,,,,,,,,,,,,,,,
660,IMN,2000,37129,,,,,,,,,,,,,,,
661,IMN,2005,39364,,,,,,,,,,,,,,,
662,IMN,2010,41124,,,,,,,,,,,,,,,
663,IMN,2015,36557,,,,,,,,,,,,,,,
664,IMN,2020,37246,,,,,,,,,,,,,,,
665,IND,1990,7362652,,,,,,,,,,,,,,,
666,IND,1995,6916939,,,,,,,,,,,,,,,
667,IND,2000,6372836,,,,,,,,,,,,,,,
668,IND,2005,5779817,,,,,,,,,,,,,,,
669,IND,2010,5326612,,,,,,,,,,,,,,,
670,IND,2015,4980294,,,,,,,,,,,,,,,
671,IND,2020,4663386,,,,,,,,,,,,,,,
672,IRL,1990,227961,,,,,,,,,,,,,,,
673,IRL,1995,226892,,,,,,,,,,,,,,,
674,IRL,2000,350552,,,,,,,,,,,,,,,
675,IRL,2005,589046,,,,,,,,,,,,,,,
676,IRL,2010,730542,,,,,,,,,,,,,,,
677,IRL,2015,759256,,,,,,,,,,,,,,,
678,IRL,2020,871256,,,,,,,,,,,,,,,
679,IRN,1990,4282607,,,,,,,,,,,,,,,
680,IRN,1995,2928766,,,,,,,,,,,,,,,
681,IRN,2000,2458733,,,,,,,,,,,,,,,
682,IRN,2005,2529688,,,,,,,,,,,,,,,
683,IRN,2010,2704744,,,,,,,,,,,,,,,
684,IRN,2015,2716186,,,,,,,,,,,,,,,
685,IRN,2020,2785736,,,,,,,,,,,,,,,
686,IRQ,1990,63698,,,,,,,,,,,,,,,
687,IRQ,1995,175951,,,,,,,,,,,,,,,
688,IRQ,2000,188245,,,,,,,,,,,,,,,
689,IRQ,2005,108955,,,,,,,,,,,,,,,
690,IRQ,2010,94007,,,,,,,,,,,,,,,
691,IRQ,2015,333494,,,,,,,,,,,,,,,
692,IRQ,2020,339648,,,,,,,,,,,,,,,
693,ISL,1990,9584,,,,,,,,,,,,,,,
694,ISL,1995,12738,,,,,,,,,,,,,,,
695,ISL,2000,15892,,,,,,,,,,,,,,,
696,ISL,2005,25492,,,,,,,,,,,,,,,
697,ISL,2010,34512,,,,,,,,,,,,,,,
698,ISL,2015,38784,,,,,,,,,,,,,,,
699,ISL,2020,65061,,,,,,,,,,,,,,,
700,ISR,1990,1489650,,,,,,,,,,,,,,,
701,ISR,1995,1554408,,,,,,,,,,,,,,,
702,ISR,2000,1532124,,,,,,,,,,,,,,,
703,ISR,2005,1438993,,,,,,,,,,,,,,,
704,ISR,2010,1363316,,,,,,,,,,,,,,,
705,ISR,2015,1406027,,,,,,,,,,,,,,,
706,ISR,2020,1365297,,,,,,,,,,,,,,,
707,ITA,1990,1428217,,,,,,,,,,,,,,,
708,ITA,1995,1774942,,,,,,,,,,,,,,,
709,ITA,2000,2121667,,,,,,,,,,,,,,,
710,ITA,2005,3954770,,,,,,,,,,,,,,,
711,ITA,2010,5787013,,,,,,,,,,,,,,,
712,ITA,2015,5804547,,,,,,,,,,,,,,,
713,ITA,2020,6385328,,,,,,,,,,,,,,,
714,JAM,1990,18126,,,,,,,,,,,,,,,
715,JAM,1995,20208,,,,,,,,,,,,,,,
716,JAM,2000,22292,,,,,,,,,,,,,,,
717,JAM,2005,21721,,,,,,,,,,,,,,,
718,JAM,2010,21153,,,,,,,,,,,,,,,
719,JAM,2015,20697,,,,,,,,,,,,,,,
720,JAM,2020,21113,,,,,,,,,,,,,,,
721,JOR,1990,1144334,,,,,,,,,,,,,,,
722,JOR,1995,1534882,,,,,,,,,,,,,,,
723,JOR,2000,1925431,,,,,,,,,,,,,,,
724,JOR,2005,2196486,,,,,,,,,,,,,,,
725,JOR,2010,2781618,,,,,,,,,,,,,,,
726,JOR,2015,3150162,,,,,,,,,,,,,,,
727,JOR,2020,3435813,,,,,,,,,,,,,,,
728,JPN,1990,1065385,,,,,,,,,,,,,,,
729,JPN,1995,1340239,,,,,,,,,,,,,,,
730,JPN,2000,1648768,,,,,,,,,,,,,,,
731,JPN,2005,1945860,,,,,,,,,,,,,,,
732,JPN,2010,2064499,,,,,,,,,,,,,,,
733,JPN,2015,2076531,,,,,,,,,,,,,,,
734,JPN,2020,2490217,,,,,,,,,,,,,,,
735,KAZ,1990,3192260,,,,,,,,,,,,,,,
736,KAZ,1995,2936413,,,,,,,,,,,,,,,
737,KAZ,2000,2680568,,,,,,,,,,,,,,,
738,KAZ,2005,2885521,,,,,,,,,,,,,,,
739,KAZ,2010,3090475,,,,,,,,,,,,,,,
740,KAZ,2015,3287097,,,,,,,,,,,,,,,
741,KAZ,2020,3459530,,,,,,,,,,,,,,,
742,KEN,1990,196730,,,,,,,,,,,,,,,
743,KEN,1995,511762,,,,,,,,,,,,,,,
744,KEN,2000,636140,,,,,,,,,,,,,,,
745,KEN,2005,712418,,,,,,,,,,,,,,,
746,KEN,2010,895728,,,,,,,,,,,,,,,
747,KEN,2015,1047402,,,,,,,,,,,,,,,
748,KEN,2020,980955,,,,,,,,,,,,,,,
749,KGZ,1990,608720,,,,,,,,,,,,,,,
750,KGZ,1995,507031,,,,,,,,,,,,,,,
751,KGZ,2000,381141,,,,,,,,,,,,,,,
752,KGZ,2005,302505,,,,,,,,,,,,,,,
753,KGZ,2010,227067,,,,,,,,,,,,,,,
754,KGZ,2015,199981,,,,,,,,,,,,,,,
755,KGZ,2020,194729,,,,,,,,,,,,,,,
756,KHM,1990,32682,,,,,,,,,,,,,,,
757,KHM,1995,86480,,,,,,,,,,,,,,,
758,KHM,2000,140279,,,,,,,,,,,,,,,
759,KHM,2005,109499,,,,,,,,,,,,,,,
760,KHM,2010,78719,,,,,,,,,,,,,,,
761,KHM,2015,71024,,,,,,,,,,,,,,,
762,KHM,2020,76161,,,,,,,,,,,,,,,
763,KIR,1990,1691,,,,,,,,,,,,,,,
764,KIR,1995,1746,,,,,,,,,,,,,,,
765,KIR,2000,1804,,,,,,,,,,,,,,,
766,KIR,2005,2104,,,,,,,,,,,,,,,
767,KIR,2010,2407,,,,,,,,,,,,,,,
768,KIR,2015,2444,,,,,,,,,,,,,,,
769,KIR,2020,2619,,,,,,,,,,,,,,,
770,KNA,1990,1521,,,,,,,,,,,,,,,
771,KNA,1995,2014,,,,,,,,,,,,,,,
772,KNA,2000,2784,,,,,,,,,,,,,,,
773,KNA,2005,3165,,,,,,,,,,,,,,,
774,KNA,2010,3431,,,,,,,,,,,,,,,
775,KNA,2015,3521,,,,,,,,,,,,,,,
776,KNA,2020,3632,,,,,,,,,,,,,,,
777,KOR,1990,41151,,,,,,,,,,,,,,,
778,KOR,1995,118307,,,,,,,,,,,,,,,
779,KOR,2000,233371,,,,,,,,,,,,,,,
780,KOR,2005,464045,,,,,,,,,,,,,,,
781,KOR,2010,878099,,,,,,,,,,,,,,,
782,KOR,2015,1352466,,,,,,,,,,,,,,,
783,KOR,2020,1669657,,,,,,,,,,,,,,,
784,KWT,1990,1048104,,,,,,,,,,,,,,,
785,KWT,1995,893634,,,,,,,,,,,,,,,
786,KWT,2000,1086284,,,,,,,,,,,,,,,
787,KWT,2005,1267972,,,,,,,,,,,,,,,
788,KWT,2010,1768516,,,,,,,,,,,,,,,
789,KWT,2015,2751639,,,,,,,,,,,,,,,
790,KWT,2020,2985881,,,,,,,,,,,,,,,
791,LAO,1990,22074,,,,,,,,,,,,,,,
792,LAO,1995,20911,,,,,,,,,,,,,,,
793,LAO,2000,17760,,,,,,,,,,,,,,,
794,LAO,2005,16455,,,,,,,,,,,,,,,
795,LAO,2010,29275,,,,,,,,,,,,,,,
796,LAO,2015,42099,,,,,,,,,,,,,,,
797,LAO,2020,45047,,,,,,,,,,,,,,,
798,LBN,1990,520116,,,,,,,,,,,,,,,
799,LBN,1995,604819,,,,,,,,,,,,,,,
800,LBN,2000,689524,,,,,,,,,,,,,,,
801,LBN,2005,739656,,,,,,,,,,,,,,,
802,LBN,2010,791350,,,,,,,,,,,,,,,
803,LBN,2015,1914698,,,,,,,,,,,,,,,
804,LBN,2020,1711373,,,,,,,,,,,,,,,
805,LBR,1990,74599,,,,,,,,,,,,,,,
806,LBR,1995,189728,,,,,,,,,,,,,,,
807,LBR,2000,135072,,,,,,,,,,,,,,,
808,LBR,2005,78219,,,,,,,,,,,,,,,
809,LBR,2010,92870,,,,,,,,,,,,,,,
810,LBR,2015,104876,,,,,,,,,,,,,,,
811,LBR,2020,81252,,,,,,,,,,,,,,,
812,LBY,1990,457075,,,,,,,,,,,,,,,
813,LBY,1995,508041,,,,,,,,,,,,,,,
814,LBY,2000,567436,,,,,,,,,,,,,,,
815,LBY,2005,625412,,,,,,,,,,,,,,,
816,LBY,2010,687192,,,,,,,,,,,,,,,
817,LBY,2015,771146,,,,,,,,,,,,,,,
818,LBY,2020,826537,,,,,,,,,,,,,,,
819,LCA,1990,3617,,,,,,,,,,,,,,,
820,LCA,1995,4798,,,,,,,,,,,,,,,
821,LCA,2000,6687,,,,,,,,,,,,,,,
822,LCA,2005,7874,,,,,,,,,,,,,,,
823,LCA,2010,8451,,,,,,,,,,,,,,,
824,LCA,2015,8071,,,,,,,,,,,,,,,
825,LCA,2020,7716,,,,,,,,,,,,,,,
826,LIE,1990,10877,,,,,,,,,,,,,,,
827,LIE,1995,13250,,,,,,,,,,,,,,,
828,LIE,2000,15389,,,,,,,,,,,,,,,
829,LIE,2005,18533,,,,,,,,,,,,,,,
830,LIE,2010,22212,,,,,,,,,,,,,,,
831,LIE,2015,23681,,,,,,,,,,,,,,,
832,LIE,2020,25771,,,,,,,,,,,,,,,
833,LKA,1990,39935,,,,,,,,,,,,,,,
834,LKA,1995,39215,,,,,,,,,,,,,,,
835,LKA,2000,38504,,,,,,,,,,,,,,,
836,LKA,2005,37860,,,,,,,,,,,,,,,
837,LKA,2010,37190,,,,,,,,,,,,,,,
838,LKA,2015,37815,,,,,,,,,,,,,,,
839,LKA,2020,38294,,,,,,,,,,,,,,,
840,LSO,1990,4469,,,,,,,,,,,,,,,
841,LSO,1995,4024,,,,,,,,,,,,,,,
842,LSO,2000,3699,,,,,,,,,,,,,,,
843,LSO,2005,3769,,,,,,,,,,,,,,,
844,LSO,2010,3840,,,,,,,,,,,,,,,
845,LSO,2015,5474,,,,,,,,,,,,,,,
846,LSO,2020,7207,,,,,,,,,,,,,,,
847,LTU,1990,335946,,,,,,,,,,,,,,,
848,LTU,1995,259880,,,,,,,,,,,,,,,
849,LTU,2000,203547,,,,,,,,,,,,,,,
850,LTU,2005,195223,,,,,,,,,,,,,,,
851,LTU,2010,160374,,,,,,,,,,,,,,,
852,LTU,2015,136013,,,,,,,,,,,,,,,
853,LTU,2020,145171,,,,,,,,,,,,,,,
854,LUX,1990,113439,,,,,,,,,,,,,,,
855,LUX,1995,125818,,,,,,,,,,,,,,,
856,LUX,2000,139438,,,,,,,,,,,,,,,
857,LUX,2005,150391,,,,,,,,,,,,,,,
858,LUX,2010,162895,,,,,,,,,,,,,,,
859,LUX,2015,248513,,,,,,,,,,,,,,,
860,LUX,2020,294385,,,,,,,,,,,,,,,
861,LVA,1990,646007,,,,,,,,,,,,,,,
862,LVA,1995,538093,,,,,,,,,,,,,,,
863,LVA,2000,430178,,,,,,,,,,,,,,,
864,LVA,2005,376725,,,,,,,,,,,,,,,
865,LVA,2010,313786,,,,,,,,,,,,,,,
866,LVA,2015,265411,,,,,,,,,,,,,,,
867,LVA,2020,239400,,,,,,,,,,,,,,,
868,MAC,1990,191385,,,,,,,,,,,,,,,
869,MAC,1995,209943,,,,,,,,,,,,,,,
870,MAC,2000,226329,,,,,,,,,,,,,,,
871,MAC,2005,262533,,,,,,,,,,,,,,,
872,MAC,2010,287358,,,,,,,,,,,,,,,
873,MAC,2015,332717,,,,,,,,,,,,,,,
874,MAC,2020,356981,,,,,,,,,,,,,,,
875,MAR,1990,43973,,,,,,,,,,,,,,,
876,MAR,1995,40348,,,,,,,,,,,,,,,
877,MAR,2000,42500,,,,,,,,,,,,,,,
878,MAR,2005,45075,,,,,,,,,,,,,,,
879,MAR,2010,59061,,,,,,,,,,,,,,,
880,MAR,2015,76768,,,,,,,,,,,,,,,
881,MAR,2020,85156,,,,,,,,,,,,,,,
882,MCO,1990,11565,,,,,,,,,,,,,,,
883,MCO,1995,11581,,,,,,,,,,,,,,,
884,MCO,2000,11614,,,,,,,,,,,,,,,
885,MCO,2005,11149,,,,,,,,,,,,,,,
886,MCO,2010,10842,,,,,,,,,,,,,,,
887,MCO,2015,13452,,,,,,,,,,,,,,,
888,MCO,2020,13768,,,,,,,,,,,,,,,
889,MDA,1990,527028,,,,,,,,,,,,,,,
890,MDA,1995,355699,,,,,,,,,,,,,,,
891,MDA,2000,240062,,,,,,,,,,,,,,,
892,MDA,2005,165766,,,,,,,,,,,,,,,
893,MDA,2010,124593,,,,,,,,,,,,,,,
894,MDA,2015,101262,,,,,,,,,,,,,,,
895,MDA,2020,99409,,,,,,,,,,,,,,,
896,MDG,1990,17503,,,,,,,,,,,,,,,
897,MDG,1995,15499,,,,,,,,,,,,,,,
898,MDG,2000,17227,,,,,,,,,,,,,,,
899,MDG,2005,19070,,,,,,,,,,,,,,,
900,MDG,2010,21151,,,,,,,,,,,,,,,
901,MDG,2015,23463,,,,,,,,,,,,,,,
902,MDG,2020,26019,,,,,,,,,,,,,,,
903,MDV,1990,8435,,,,,,,,,,,,,,,
904,MDV,1995,17826,,,,,,,,,,,,,,,
905,MDV,2000,26021,,,,,,,,,,,,,,,
906,MDV,2005,42763,,,,,,,,,,,,,,,
907,MDV,2010,51407,,,,,,,,,,,,,,,
908,MDV,2015,60058,,,,,,,,,,,,,,,
909,MDV,2020,65487,,,,,,,,,,,,,,,
910,MEX,1990,693754,,,,,,,,,,,,,,,
911,MEX,1995,456661,,,,,,,,,,,,,,,
912,MEX,2000,536112,,,,,,,,,,,,,,,
913,MEX,2005,710546,,,,,,,,,,,,,,,
914,MEX,2010,967116,,,,,,,,,,,,,,,
915,MEX,2015,992617,,,,,,,,,,,,,,,
916,MEX,2020,1174411,,,,,,,,,,,,,,,
917,MHL,1990,1022,,,,,,,,,,,,,,,
918,MHL,1995,1305,,,,,,,,,,,,,,,
919,MHL,2000,1684,,,,,,,,,,,,,,,
920,MHL,2005,2148,,,,,,,,,,,,,,,
921,MHL,2010,2749,,,,,,,,,,,,,,,
922,MHL,2015,2924,,,,,,,,,,,,,,,
923,MHL,2020,2938,,,,,,,,,,,,,,,
924,MKD,1990,93617,,,,,,,,,,,,,,,
925,MKD,1995,107917,,,,,,,,,,,,,,,
926,MKD,2000,124336,,,,,,,,,,,,,,,
927,MKD,2005,126296,,,,,,,,,,,,,,,
928,MKD,2010,128286,,,,,,,,,,,,,,,
929,MKD,2015,129202,,,,,,,,,,,,,,,
930,MKD,2020,129765,,,,,,,,,,,,,,,
931,MLI,1990,142919,,,,,,,,,,,,,,,
932,MLI,1995,157515,,,,,,,,,,,,,,,
933,MLI,2000,138028,,,,,,,,,,,,,,,
934,MLI,2005,218589,,,,,,,,,,,,,,,
935,MLI,2010,314338,,,,,,,,,,,,,,,
936,MLI,2015,387557,,,,,,,,,,,,,,,
937,MLI,2020,462961,,,,,,,,,,,,,,,
938,MLT,1990,14979,,,,,,,,,,,,,,,
939,MLT,1995,17594,,,,,,,,,,,,,,,
940,MLT,2000,21358,,,,,,,,,,,,,,,
941,MLT,2005,24291,,,,,,,,,,,,,,,
942,MLT,2010,32323,,,,,,,,,,,,,,,
943,MLT,2015,50260,,,,,,,,,,,,,,,
944,MLT,2020,109571,,,,,,,,,,,,,,,
945,MMR,1990,120047,,,,,,,,,,,,,,,
946,MMR,1995,99848,,,,,,,,,,,,,,,
947,MMR,2000,85376,,,,,,,,,,,,,,,
948,MMR,2005,72323,,,,,,,,,,,,,,,
949,MMR,2010,66565,,,,,,,,,,,,,,,
950,MMR,2015,63860,,,,,,,,,,,,,,,
951,MMR,2020,66596,,,,,,,,,,,,,,,
952,MNE,1990,0,,,,,,,,,,,,,,,
953,MNE,1995,0,,,,,,,,,,,,,,,
954,MNE,2000,0,,,,,,,,,,,,,,,
955,MNE,2005,0,,,,,,,,,,,,,,,
956,MNE,2010,78130,,,,,,,,,,,,,,,
957,MNE,2015,70746,,,,,,,,,,,,,,,
958,MNE,2020,70025,,,,,,,,,,,,,,,
959,MNG,1990,6043,,,,,,,,,,,,,,,
960,MNG,1995,6653,,,,,,,,,,,,,,,
961,MNG,2000,7368,,,,,,,,,,,,,,,
962,MNG,2005,10806,,,,,,,,,,,,,,,
963,MNG,2010,15511,,,,,,,,,,,,,,,
964,MNG,2015,19204,,,,,,,,,,,,,,,
965,MNG,2020,20616,,,,,,,,,,,,,,,
966,MNP,1990,25498,,,,,,,,,,,,,,,
967,MNP,1995,31106,,,,,,,,,,,,,,,
968,MNP,2000,38613,,,,,,,,,,,,,,,
969,MNP,2005,36049,,,,,,,,,,,,,,,
970,MNP,2010,23130,,,,,,,,,,,,,,,
971,MNP,2015,20715,,,,,,,,,,,,,,,
972,MNP,2020,20892,,,,,,,,,,,,,,,
973,MOZ,1990,113741,,,,,,,,,,,,,,,
974,MOZ,1995,156451,,,,,,,,,,,,,,,
975,MOZ,2000,181982,,,,,,,,,,,,,,,
976,MOZ,2005,249878,,,,,,,,,,,,,,,
977,MOZ,2010,285034,,,,,,,,,,,,,,,
978,MOZ,2015,303510,,,,,,,,,,,,,,,
979,MOZ,2020,322021,,,,,,,,,,,,,,,
980,MRT,1990,110227,,,,,,,,,,,,,,,
981,MRT,1995,88054,,,,,,,,,,,,,,,
982,MRT,2000,55481,,,,,,,,,,,,,,,
983,MRT,2005,56197,,,,,,,,,,,,,,,
984,MRT,2010,65646,,,,,,,,,,,,,,,
985,MRT,2015,161138,,,,,,,,,,,,,,,
986,MRT,2020,176583,,,,,,,,,,,,,,,
987,MSR,1990,1652,,,,,,,,,,,,,,,
988,MSR,1995,1325,,,,,,,,,,,,,,,
989,MSR,2000,997,,,,,,,,,,,,,,,
990,MSR,2005,1028,,,,,,,,,,,,,,,
991,MSR,2010,1061,,,,,,,,,,,,,,,
992,MSR,2015,1112,,,,,,,,,,,,,,,
993,MSR,2020,1138,,,,,,,,,,,,,,,
994,MTQ,1990,37033,,,,,,,,,,,,,,,
995,MTQ,1995,44999,,,,,,,,,,,,,,,
996,MTQ,2000,52961,,,,,,,,,,,,,,,
997,MTQ,2005,55432,,,,,,,,,,,,,,,
998,MTQ,2010,57901,,,,,,,,,,,,,,,
999,MTQ,2015,67223,,,,,,,,,,,,,,,
1000,MTQ,2020,66681,,,,,,,,,,,,,,,
1001,MUS,1990,3246,,,,,,,,,,,,,,,
1002,MUS,1995,6936,,,,,,,,,,,,,,,
1003,MUS,2000,14512,,,,,,,,,,,,,,,
1004,MUS,2005,18483,,,,,,,,,,,,,,,
1005,MUS,2010,23497,,,,,,,,,,,,,,,
1006,MUS,2015,27033,,,,,,,,,,,,,,,
1007,MUS,2020,27327,,,,,,,,,,,,,,,
1008,MWI,1990,1096822,,,,,,,,,,,,,,,
1009,MWI,1995,189007,,,,,,,,,,,,,,,
1010,MWI,2000,181962,,,,,,,,,,,,,,,
1011,MWI,2005,173576,,,,,,,,,,,,,,,
1012,MWI,2010,174806,,,,,,,,,,,,,,,
1013,MWI,2015,160359,,,,,,,,,,,,,,,
1014,MWI,2020,159940,,,,,,,,,,,,,,,
1015,MYS,1990,609304,,,,,,,,,,,,,,,
1016,MYS,1995,843822,,,,,,,,,,,,,,,
1017,MYS,2000,1337233,,,,,,,,,,,,,,,
1018,MYS,2005,1763735,,,,,,,,,,,,,,,
1019,MYS,2010,2242623,,,,,,,,,,,,,,,
1020,MYS,2015,3061157,,,,,,,,,,,,,,,
1021,MYS,2020,3247513,,,,,,,,,,,,,,,
1022,MYT,1990,12733,,,,,,,,,,,,,,,
1023,MYT,1995,25006,,,,,,,,,,,,,,,
1024,MYT,2000,44952,,,,,,,,,,,,,,,
1025,MYT,2005,62089,,,,,,,,,,,,,,,
1026,MYT,2010,71248,,,,,,,,,,,,,,,
1027,MYT,2015,79699,,,,,,,,,,,,,,,
1028,MYT,2020,109229,,,,,,,,,,,,,,,
1029,NAM,1990,117404,,,,,,,,,,,,,,,
1030,NAM,1995,112236,,,,,,,,,,,,,,,
1031,NAM,2000,132760,,,,,,,,,,,,,,,
1032,NAM,2005,105102,,,,,,,,,,,,,,,
1033,NAM,2010,101619,,,,,,,,,,,,,,,
1034,NAM,2015,99459,,,,,,,,,,,,,,,
1035,NAM,2020,107119,,,,,,,,,,,,,,,
1036,NCL,1990,35367,,,,,,,,,,,,,,,
1037,NCL,1995,40990,,,,,,,,,,,,,,,
1038,NCL,2000,46612,,,,,,,,,,,,,,,
1039,NCL,2005,51014,,,,,,,,,,,,,,,
1040,NCL,2010,55415,,,,,,,,,,,,,,,
1041,NCL,2015,64468,,,,,,,,,,,,,,,
1042,NCL,2020,68458,,,,,,,,,,,,,,,
1043,NER,1990,105305,,,,,,,,,,,,,,,
1044,NER,1995,136035,,,,,,,,,,,,,,,
1045,NER,2000,112419,,,,,,,,,,,,,,,
1046,NER,2005,114496,,,,,,,,,,,,,,,
1047,NER,2010,116311,,,,,,,,,,,,,,,
1048,NER,2015,241320,,,,,,,,,,,,,,,
1049,NER,2020,333463,,,,,,,,,,,,,,,
1050,NGA,1990,299556,,,,,,,,,,,,,,,
1051,NGA,1995,361537,,,,,,,,,,,,,,,
1052,NGA,2000,437977,,,,,,,,,,,,,,,
1053,NGA,2005,870507,,,,,,,,,,,,,,,
1054,NGA,2010,889165,,,,,,,,,,,,,,,
1055,NGA,2015,1076442,,,,,,,,,,,,,,,
1056,NGA,2020,1177115,,,,,,,,,,,,,,,
1057,NIC,1990,40112,,,,,,,,,,,,,,,
1058,NIC,1995,25561,,,,,,,,,,,,,,,
1059,NIC,2000,29063,,,,,,,,,,,,,,,
1060,NIC,2005,33219,,,,,,,,,,,,,,,
1061,NIC,2010,35536,,,,,,,,,,,,,,,
1062,NIC,2015,38345,,,,,,,,,,,,,,,
1063,NIC,2020,40162,,,,,,,,,,,,,,,
1064,NIU,1990,404,,,,,,,,,,,,,,,
1065,NIU,1995,414,,,,,,,,,,,,,,,
1066,NIU,2000,422,,,,,,,,,,,,,,,
1067,NIU,2005,445,,,,,,,,,,,,,,,
1068,NIU,2010,528,,,,,,,,,,,,,,,
1069,NIU,2015,529,,,,,,,,,,,,,,,
1070,NIU,2020,530,,,,,,,,,,,,,,,
1071,NLD,1990,1125041,,,,,,,,,,,,,,,
1072,NLD,1995,1279130,,,,,,,,,,,,,,,
1073,NLD,2000,1477279,,,,,,,,,,,,,,,
1074,NLD,2005,1643853,,,,,,,,,,,,,,,
1075,NLD,2010,1734767,,,,,,,,,,,,,,,
1076,NLD,2015,1809385,,,,,,,,,,,,,,,
1077,NLD,2020,2153944,,,,,,,,,,,,,,,
1078,NOR,1990,186730,,,,,,,,,,,,,,,
1079,NOR,1995,223951,,,,,,,,,,,,,,,
1080,NOR,2000,278008,,,,,,,,,,,,,,,
1081,NOR,2005,351120,,,,,,,,,,,,,,,
1082,NOR,2010,515101,,,,,,,,,,,,,,,
1083,NOR,2015,736041,,,,,,,,,,,,,,,
1084,NOR,2020,841298,,,,,,,,,,,,,,,
1085,NPL,1990,411030,,,,,,,,,,,,,,,
1086,NPL,1995,651911,,,,,,,,,,,,,,,
1087,NPL,2000,680689,,,,,,,,,,,,,,,
1088,NPL,2005,645878,,,,,,,,,,,,,,,
1089,NPL,2010,559202,,,,,,,,,,,,,,,
1090,NPL,2015,496702,,,,,,,,,,,,,,,
1091,NPL,2020,475347,,,,,,,,,,,,,,,
1092,NRU,1990,2598,,,,,,,,,,,,,,,
1093,NRU,1995,2400,,,,,,,,,,,,,,,
1094,NRU,2000,2206,,,,,,,,,,,,,,,
1095,NRU,2005,2075,,,,,,,,,,,,,,,
1096,NRU,2010,686,,,,,,,,,,,,,,,
1097,NRU,2015,1104,,,,,,,,,,,,,,,
1098,NRU,2020,1286,,,,,,,,,,,,,,,
1099,NZL,1990,499649,,,,,,,,,,,,,,,
1100,NZL,1995,555116,,,,,,,,,,,,,,,
1101,NZL,2000,645015,,,,,,,,,,,,,,,
1102,NZL,2005,803577,,,,,,,,,,,,,,,
1103,NZL,2010,908399,,,,,,,,,,,,,,,
1104,NZL,2015,998715,,,,,,,,,,,,,,,
1105,NZL,2020,1322689,,,,,,,,,,,,,,,
1106,OMN,1990,299352,,,,,,,,,,,,,,,
1107,OMN,1995,521084,,,,,,,,,,,,,,,
1108,OMN,2000,596366,,,,,,,,,,,,,,,
1109,OMN,2005,638222,,,,,,,,,,,,,,,
1110,OMN,2010,783100,,,,,,,,,,,,,,,
1111,OMN,2015,1780894,,,,,,,,,,,,,,,
1112,OMN,2020,2276522,,,,,,,,,,,,,,,
1113,PAK,1990,6203799,,,,,,,,,,,,,,,
1114,PAK,1995,3665602,,,,,,,,,,,,,,,
1115,PAK,2000,4178579,,,,,,,,,,,,,,,
1116,PAK,2005,3171399,,,,,,,,,,,,,,,
1117,PAK,2010,3940511,,,,,,,,,,,,,,,
1118,PAK,2015,3425927,,,,,,,,,,,,,,,
1119,PAK,2020,3201265,,,,,,,,,,,,,,,
1120,PAN,1990,62485,,,,,,,,,,,,,,,
1121,PAN,1995,70440,,,,,,,,,,,,,,,
1122,PAN,2000,82912,,,,,,,,,,,,,,,
1123,PAN,2005,108969,,,,,,,,,,,,,,,
1124,PAN,2010,157254,,,,,,,,,,,,,,,
1125,PAN,2015,184061,,,,,,,,,,,,,,,
1126,PAN,2020,312100,,,,,,,,,,,,,,,
1127,PER,1990,55776,,,,,,,,,,,,,,,
1128,PER,1995,55861,,,,,,,,,,,,,,,
1129,PER,2000,65331,,,,,,,,,,,,,,,
1130,PER,2005,76770,,,,,,,,,,,,,,,
1131,PER,2010,103444,,,,,,,,,,,,,,,
1132,PER,2015,152780,,,,,,,,,,,,,,,
1133,PER,2020,1220023,,,,,,,,,,,,,,,
1134,PHL,1990,128466,,,,,,,,,,,,,,,
1135,PHL,1995,172845,,,,,,,,,,,,,,,
1136,PHL,2000,233520,,,,,,,,,,,,,,,
1137,PHL,2005,188965,,,,,,,,,,,,,,,
1138,PHL,2010,153633,,,,,,,,,,,,,,,
1139,PHL,2015,155943,,,,,,,,,,,,,,,
1140,PHL,2020,165865,,,,,,,,,,,,,,,
1141,PLW,1990,2695,,,,,,,,,,,,,,,
1142,PLW,1995,4568,,,,,,,,,,,,,,,
1143,PLW,2000,5714,,,,,,,,,,,,,,,
1144,PLW,2005,5368,,,,,,,,,,,,,,,
1145,PLW,2010,5341,,,,,,,,,,,,,,,
1146,PLW,2015,4800,,,,,,,,,,,,,,,
1147,PLW,2020,4949,,,,,,,,,,,,,,,
1148,PNG,1990,32047,,,,,,,,,,,,,,,
1149,PNG,1995,31809,,,,,,,,,,,,,,,
1150,PNG,2000,25008,,,,,,,,,,,,,,,
1151,PNG,2005,28779,,,,,,,,,,,,,,,
1152,PNG,2010,29304,,,,,,,,,,,,,,,
1153,PNG,2015,29831,,,,,,,,,,,,,,,
1154,PNG,2020,29936,,,,,,,,,,,,,,,
1155,POL,1990,1073550,,,,,,,,,,,,,,,
1156,POL,1995,918272,,,,,,,,,,,,,,,
1157,POL,2000,785539,,,,,,,,,,,,,,,
1158,POL,2005,699220,,,,,,,,,,,,,,,
1159,POL,2010,635256,,,,,,,,,,,,,,,
1160,POL,2015,604686,,,,,,,,,,,,,,,
1161,POL,2020,807678,,,,,,,,,,,,,,,
1162,PRI,1990,312915,,,,,,,,,,,,,,,
1163,PRI,1995,328497,,,,,,,,,,,,,,,
1164,PRI,2000,344921,,,,,,,,,,,,,,,
1165,PRI,2005,337632,,,,,,,,,,,,,,,
1166,PRI,2010,287931,,,,,,,,,,,,,,,
1167,PRI,2015,259070,,,,,,,,,,,,,,,
1168,PRI,2020,237898,,,,,,,,,,,,,,,
1169,PRK,1990,31012,,,,,,,,,,,,,,,
1170,PRK,1995,31613,,,,,,,,,,,,,,,
1171,PRK,2000,32202,,,,,,,,,,,,,,,
1172,PRK,2005,37144,,,,,,,,,,,,,,,
1173,PRK,2010,42072,,,,,,,,,,,,,,,
1174,PRK,2015,46325,,,,,,,,,,,,,,,
1175,PRK,2020,47345,,,,,,,,,,,,,,,
1176,PRT,1990,431537,,,,,,,,,,,,,,,
1177,PRT,1995,528127,,,,,,,,,,,,,,,
1178,PRT,2000,646280,,,,,,,,,,,,,,,
1179,PRT,2005,766605,,,,,,,,,,,,,,,
1180,PRT,2010,759742,,,,,,,,,,,,,,,
1181,PRT,2015,861253,,,,,,,,,,,,,,,
1182,PRT,2020,997881,,,,,,,,,,,,,,,
1183,PRY,1990,189434,,,,,,,,,,,,,,,
1184,PRY,1995,181196,,,,,,,,,,,,,,,
1185,PRY,2000,172346,,,,,,,,,,,,,,,
1186,PRY,2005,164176,,,,,,,,,,,,,,,
1187,PRY,2010,156416,,,,,,,,,,,,,,,
1188,PRY,2015,152664,,,,,,,,,,,,,,,
1189,PRY,2020,165431,,,,,,,,,,,,,,,
1190,PSE,1990,265785,,,,,,,,,,,,,,,
1191,PSE,1995,259733,,,,,,,,,,,,,,,
1192,PSE,2000,253681,,,,,,,,,,,,,,,
1193,PSE,2005,253045,,,,,,,,,,,,,,,
1194,PSE,2010,246413,,,,,,,,,,,,,,,
1195,PSE,2015,248004,,,,,,,,,,,,,,,
1196,PSE,2020,250257,,,,,,,,,,,,,,,
1197,PYF,1990,22416,,,,,,,,,,,,,,,
1198,PYF,1995,24611,,,,,,,,,,,,,,,
1199,PYF,2000,26321,,,,,,,,,,,,,,,
1200,PYF,2005,28086,,,,,,,,,,,,,,,
1201,PYF,2010,27588,,,,,,,,,,,,,,,
1202,PYF,2015,27791,,,,,,,,,,,,,,,
1203,PYF,2020,27809,,,,,,,,,,,,,,,
1204,QAT,1990,305265,,,,,,,,,,,,,,,
1205,QAT,1995,353830,,,,,,,,,,,,,,,
1206,QAT,2000,349667,,,,,,,,,,,,,,,
1207,QAT,2005,624746,,,,,,,,,,,,,,,
1208,QAT,2010,1406620,,,,,,,,,,,,,,,
1209,QAT,2015,1654997,,,,,,,,,,,,,,,
1210,QAT,2020,2192930,,,,,,,,,,,,,,,
1211,REU,1990,44104,,,,,,,,,,,,,,,
1212,REU,1995,64982,,,,,,,,,,,,,,,
1213,REU,2000,88866,,,,,,,,,,,,,,,
1214,REU,2005,102727,,,,,,,,,,,,,,,
1215,REU,2010,110834,,,,,,,,,,,,,,,
1216,REU,2015,114600,,,,,,,,,,,,,,,
1217,REU,2020,118706,,,,,,,,,,,,,,,
1218,ROU,1990,130612,,,,,,,,,,,,,,,
1219,ROU,1995,126176,,,,,,,,,,,,,,,
1220,ROU,2000,121644,,,,,,,,,,,,,,,
1221,ROU,2005,133622,,,,,,,,,,,,,,,
1222,ROU,2010,160891,,,,,,,,,,,,,,,
1223,ROU,2015,275958,,,,,,,,,,,,,,,
1224,ROU,2020,685897,,,,,,,,,,,,,,,
1225,RUS,1990,11516298,,,,,,,,,,,,,,,
1226,RUS,1995,11920139,,,,,,,,,,,,,,,
1227,RUS,2000,11891623,,,,,,,,,,,,,,,
1228,RUS,2005,11662954,,,,,,,,,,,,,,,
1229,RUS,2010,11194137,,,,,,,,,,,,,,,
1230,RUS,2015,11642651,,,,,,,,,,,,,,,
1231,RUS,2020,11636152,,,,,,,,,,,,,,,
1232,RWA,1990,139805,,,,,,,,,,,,,,,
1233,RWA,1995,201277,,,,,,,,,,,,,,,
1234,RWA,2000,337752,,,,,,,,,,,,,,,
1235,RWA,2005,405872,,,,,,,,,,,,,,,
1236,RWA,2010,410794,,,,,,,,,,,,,,,
1237,RWA,2015,505797,,,,,,,,,,,,,,,
1238,RWA,2020,505069,,,,,,,,,,,,,,,
1239,SAU,1990,4830679,,,,,,,,,,,,,,,
1240,SAU,1995,4950773,,,,,,,,,,,,,,,
1241,SAU,2000,5086745,,,,,,,,,,,,,,,
1242,SAU,2005,6283624,,,,,,,,,,,,,,,
1243,SAU,2010,8147064,,,,,,,,,,,,,,,
1244,SAU,2015,10408329,,,,,,,,,,,,,,,
1245,SAU,2020,13001347,,,,,,,,,,,,,,,
1246,SDN,1990,1369612,,,,,,,,,,,,,,,
1247,SDN,1995,1019543,,,,,,,,,,,,,,,
1248,SDN,2000,770450,,,,,,,,,,,,,,,
1249,SDN,2005,509151,,,,,,,,,,,,,,,
1250,SDN,2010,590487,,,,,,,,,,,,,,,
1251,SDN,2015,598718,,,,,,,,,,,,,,,
1252,SDN,2020,1348983,,,,,,,,,,,,,,,
1253,SEN,1990,234420,,,,,,,,,,,,,,,
1254,SEN,1995,250568,,,,,,,,,,,,,,,
1255,SEN,2000,198779,,,,,,,,,,,,,,,
1256,SEN,2005,202949,,,,,,,,,,,,,,,
1257,SEN,2010,216300,,,,,,,,,,,,,,,
1258,SEN,2015,223527,,,,,,,,,,,,,,,
1259,SEN,2020,230574,,,,,,,,,,,,,,,
1260,SGP,1990,445694,,,,,,,,,,,,,,,
1261,SGP,1995,793855,,,,,,,,,,,,,,,
1262,SGP,2000,1218865,,,,,,,,,,,,,,,
1263,SGP,2005,1526620,,,,,,,,,,,,,,,
1264,SGP,2010,1919435,,,,,,,,,,,,,,,
1265,SGP,2015,2201935,,,,,,,,,,,,,,,
1266,SGP,2020,2237618,,,,,,,,,,,,,,,
1267,SHN,1990,159,,,,,,,,,,,,,,,
1268,SHN,1995,104,,,,,,,,,,,,,,,
1269,SHN,2000,97,,,,,,,,,,,,,,,
1270,SHN,2005,140,,,,,,,,,,,,,,,
1271,SHN,2010,207,,,,,,,,,,,,,,,
1272,SHN,2015,313,,,,,,,,,,,,,,,
1273,SHN,2020,363,,,,,,,,,,,,,,,
1274,SLB,1990,3925,,,,,,,,,,,,,,,
1275,SLB,1995,3888,,,,,,,,,,,,,,,
1276,SLB,2000,3711,,,,,,,,,,,,,,,
1277,SLB,2005,2836,,,,,,,,,,,,,,,
1278,SLB,2010,2148,,,,,,,,,,,,,,,
1279,SLB,2015,2005,,,,,,,,,,,,,,,
1280,SLB,2020,1949,,,,,,,,,,,,,,,
1281,SLE,1990,221098,,,,,,,,,,,,,,,
1282,SLE,1995,97491,,,,,,,,,,,,,,,
1283,SLE,2000,96977,,,,,,,,,,,,,,,
1284,SLE,2005,145394,,,,,,,,,,,,,,,
1285,SLE,2010,78288,,,,,,,,,,,,,,,
1286,SLE,2015,57900,,,,,,,,,,,,,,,
1287,SLE,2020,52842,,,,,,,,,,,,,,,
1288,SLV,1990,47116,,,,,,,,,,,,,,,
1289,SLV,1995,39351,,,,,,,,,,,,,,,
1290,SLV,2000,31586,,,,,,,,,,,,,,,
1291,SLV,2005,35894,,,,,,,,,,,,,,,
1292,SLV,2010,40202,,,,,,,,,,,,,,,
1293,SLV,2015,41918,,,,,,,,,,,,,,,
1294,SLV,2020,42597,,,,,,,,,,,,,,,
1295,SMR,1990,3203,,,,,,,,,,,,,,,
1296,SMR,1995,3554,,,,,,,,,,,,,,,
1297,SMR,2000,3896,,,,,,,,,,,,,,,
1298,SMR,2005,4069,,,,,,,,,,,,,,,
1299,SMR,2010,4651,,,,,,,,,,,,,,,
1300,SMR,2015,4907,,,,,,,,,,,,,,,
1301,SMR,2020,5221,,,,,,,,,,,,,,,
1302,SOM,1990,460000,,,,,,,,,,,,,,,
1303,SOM,1995,18044,,,,,,,,,,,,,,,
1304,SOM,2000,555,,,,,,,,,,,,,,,
1305,SOM,2005,1166,,,,,,,,,,,,,,,
1306,SOM,2010,26220,,,,,,,,,,,,,,,
1307,SOM,2015,19558,,,,,,,,,,,,,,,
1308,SOM,2020,35085,,,,,,,,,,,,,,,
1309,SPM,1990,945,,,,,,,,,,,,,,,
1310,SPM,1995,1147,,,,,,,,,,,,,,,
1311,SPM,2000,1276,,,,,,,,,,,,,,,
1312,SPM,2005,1127,,,,,,,,,,,,,,,
1313,SPM,2010,997,,,,,,,,,,,,,,,
1314,SPM,2015,967,,,,,,,,,,,,,,,
1315,SPM,2020,938,,,,,,,,,,,,,,,
1316,SRB,1990,99189,,,,,,,,,,,,,,,
1317,SRB,1995,659705,,,,,,,,,,,,,,,
1318,SRB,2000,904760,,,,,,,,,,,,,,,
1319,SRB,2005,844434,,,,,,,,,,,,,,,
1320,SRB,2010,825407,,,,,,,,,,,,,,,
1321,SRB,2015,806777,,,,,,,,,,,,,,,
1322,SRB,2020,822264,,,,,,,,,,,,,,,
1323,SSD,1990,0,,,,,,,,,,,,,,,
1324,SSD,1995,0,,,,,,,,,,,,,,,
1325,SSD,2000,0,,,,,,,,,,,,,,,
1326,SSD,2005,0,,,,,,,,,,,,,,,
1327,SSD,2010,228287,,,,,,,,,,,,,,,
1328,SSD,2015,841615,,,,,,,,,,,,,,,
1329,SSD,2020,879684,,,,,,,,,,,,,,,
1330,STP,1990,5483,,,,,,,,,,,,,,,
1331,STP,1995,4846,,,,,,,,,,,,,,,
1332,STP,2000,4277,,,,,,,,,,,,,,,
1333,STP,2005,3360,,,,,,,,,,,,,,,
1334,STP,2010,2640,,,,,,,,,,,,,,,
1335,STP,2015,2338,,,,,,,,,,,,,,,
1336,STP,2020,2084,,,,,,,,,,,,,,,
1337,SUR,1990,10581,,,,,,,,,,,,,,,
1338,SUR,1995,13070,,,,,,,,,,,,,,,
1339,SUR,2000,16143,,,,,,,,,,,,,,,
1340,SUR,2005,19755,,,,,,,,,,,,,,,
1341,SUR,2010,23306,,,,,,,,,,,,,,,
1342,SUR,2015,25308,,,,,,,,,,,,,,,
1343,SUR,2020,28045,,,,,,,,,,,,,,,
1344,SVK,1990,41183,,,,,,,,,,,,,,,
1345,SVK,1995,69264,,,,,,,,,,,,,,,
1346,SVK,2000,116143,,,,,,,,,,,,,,,
1347,SVK,2005,130394,,,,,,,,,,,,,,,
1348,SVK,2010,145707,,,,,,,,,,,,,,,
1349,SVK,2015,177513,,,,,,,,,,,,,,,
1350,SVK,2020,197064,,,,,,,,,,,,,,,
1351,SVN,1990,174414,,,,,,,,,,,,,,,
1352,SVN,1995,170748,,,,,,,,,,,,,,,
1353,SVN,2000,208031,,,,,,,,,,,,,,,
1354,SVN,2005,210424,,,,,,,,,,,,,,,
1355,SVN,2010,245956,,,,,,,,,,,,,,,
1356,SVN,2015,237601,,,,,,,,,,,,,,,
1357,SVN,2020,277027,,,,,,,,,,,,,,,
1358,SWE,1990,720215,,,,,,,,,,,,,,,
1359,SWE,1995,854689,,,,,,,,,,,,,,,
1360,SWE,2000,916024,,,,,,,,,,,,,,,
1361,SWE,2005,1034453,,,,,,,,,,,,,,,
1362,SWE,2010,1247914,,,,,,,,,,,,,,,
1363,SWE,2015,1519833,,,,,,,,,,,,,,,
1364,SWE,2020,1918199,,,,,,,,,,,,,,,
1365,SWZ,1990,67820,,,,,,,,,,,,,,,
1366,SWZ,1995,28141,,,,,,,,,,,,,,,
1367,SWZ,2000,26733,,,,,,,,,,,,,,,
1368,SWZ,2005,25534,,,,,,,,,,,,,,,
1369,SWZ,2010,25044,,,,,,,,,,,,,,,
1370,SWZ,2015,24814,,,,,,,,,,,,,,,
1371,SWZ,2020,25504,,,,,,,,,,,,,,,
1372,SXM,1990,0,,,,,,,,,,,,,,,
1373,SXM,1995,0,,,,,,,,,,,,,,,
1374,SXM,2000,0,,,,,,,,,,,,,,,
1375,SXM,2005,11985,,,,,,,,,,,,,,,
1376,SXM,2010,23963,,,,,,,,,,,,,,,
1377,SXM,2015,24966,,,,,,,,,,,,,,,
1378,SXM,2020,26350,,,,,,,,,,,,,,,
1379,SYC,1990,2947,,,,,,,,,,,,,,,
1380,SYC,1995,4514,,,,,,,,,,,,,,,
1381,SYC,2000,6095,,,,,,,,,,,,,,,
1382,SYC,2005,8568,,,,,,,,,,,,,,,
1383,SYC,2010,11053,,,,,,,,,,,,,,,
1384,SYC,2015,12367,,,,,,,,,,,,,,,
1385,SYC,2020,12593,,,,,,,,,,,,,,,
1386,SYR,1990,248732,,,,,,,,,,,,,,,
1387,SYR,1995,292985,,,,,,,,,,,,,,,
1388,SYR,2000,387734,,,,,,,,,,,,,,,
1389,SYR,2005,783075,,,,,,,,,,,,,,,
1390,SYR,2010,1612670,,,,,,,,,,,,,,,
1391,SYR,2015,771370,,,,,,,,,,,,,,,
1392,SYR,2020,801791,,,,,,,,,,,,,,,
1393,TCA,1990,4481,,,,,,,,,,,,,,,
1394,TCA,1995,5901,,,,,,,,,,,,,,,
1395,TCA,2000,7746,,,,,,,,,,,,,,,
1396,TCA,2005,8240,,,,,,,,,,,,,,,
1397,TCA,2010,12934,,,,,,,,,,,,,,,
1398,TCA,2015,17760,,,,,,,,,,,,,,,
1399,TCA,2020,20121,,,,,,,,,,,,,,,
1400,TCD,1990,69111,,,,,,,,,,,,,,,
1401,TCD,1995,83902,,,,,,,,,,,,,,,
1402,TCD,2000,98689,,,,,,,,,,,,,,,
1403,TCD,2005,343047,,,,,,,,,,,,,,,
1404,TCD,2010,406275,,,,,,,,,,,,,,,
1405,TCD,2015,452738,,,,,,,,,,,,,,,
1406,TCD,2020,530962,,,,,,,,,,,,,,,
1407,TGO,1990,74051,,,,,,,,,,,,,,,
1408,TGO,1995,90722,,,,,,,,,,,,,,,
1409,TGO,2000,124484,,,,,,,,,,,,,,,
1410,TGO,2005,184529,,,,,,,,,,,,,,,
1411,TGO,2010,235242,,,,,,,,,,,,,,,
1412,TGO,2015,255847,,,,,,,,,,,,,,,
1413,TGO,2020,258202,,,,,,,,,,,,,,,
1414,THA,1990,528671,,,,,,,,,,,,,,,
1415,THA,1995,809682,,,,,,,,,,,,,,,
1416,THA,2000,1257759,,,,,,,,,,,,,,,
1417,THA,2005,2195218,,,,,,,,,,,,,,,
1418,THA,2010,3233630,,,,,,,,,,,,,,,
1419,THA,2015,3469395,,,,,,,,,,,,,,,
1420,THA,2020,3631614,,,,,,,,,,,,,,,
1421,TJK,1990,428236,,,,,,,,,,,,,,,
1422,TJK,1995,347871,,,,,,,,,,,,,,,
1423,TJK,2000,299166,,,,,,,,,,,,,,,
1424,TJK,2005,280158,,,,,,,,,,,,,,,
1425,TJK,2010,279502,,,,,,,,,,,,,,,
1426,TJK,2015,274801,,,,,,,,,,,,,,,
1427,TJK,2020,275733,,,,,,,,,,,,,,,
1428,TKL,1990,245,,,,,,,,,,,,,,,
1429,TKL,1995,243,,,,,,,,,,,,,,,
1430,TKL,2000,238,,,,,,,,,,,,,,,
1431,TKL,2005,236,,,,,,,,,,,,,,,
1432,TKL,2010,395,,,,,,,,,,,,,,,
1433,TKL,2015,440,,,,,,,,,,,,,,,
1434,TKL,2020,448,,,,,,,,,,,,,,,
1435,TKM,1990,304696,,,,,,,,,,,,,,,
1436,TKM,1995,271840,,,,,,,,,,,,,,,
1437,TKM,2000,216851,,,,,,,,,,,,,,,
1438,TKM,2005,209895,,,,,,,,,,,,,,,
1439,TKM,2010,194476,,,,,,,,,,,,,,,
1440,TKM,2015,192292,,,,,,,,,,,,,,,
1441,TKM,2020,190824,,,,,,,,,,,,,,,
1442,TLS,1990,7892,,,,,,,,,,,,,,,
1443,TLS,1995,8570,,,,,,,,,,,,,,,
1444,TLS,2000,9327,,,,,,,,,,,,,,,
1445,TLS,2005,9930,,,,,,,,,,,,,,,
1446,TLS,2010,10162,,,,,,,,,,,,,,,
1447,TLS,2015,7362,,,,,,,,,,,,,,,
1448,TLS,2020,7237,,,,,,,,,,,,,,,
1449,TON,1990,820,,,,,,,,,,,,,,,
1450,TON,1995,928,,,,,,,,,,,,,,,
1451,TON,2000,1039,,,,,,,,,,,,,,,
1452,TON,2005,1212,,,,,,,,,,,,,,,
1453,TON,2010,1295,,,,,,,,,,,,,,,
1454,TON,2015,1109,,,,,,,,,,,,,,,
1455,TON,2020,1043,,,,,,,,,,,,,,,
1456,TTO,1990,46645,,,,,,,,,,,,,,,
1457,TTO,1995,42344,,,,,,,,,,,,,,,
1458,TTO,2000,37801,,,,,,,,,,,,,,,
1459,TTO,2005,40571,,,,,,,,,,,,,,,
1460,TTO,2010,40940,,,,,,,,,,,,,,,
1461,TTO,2015,42625,,,,,,,,,,,,,,,
1462,TTO,2020,71497,,,,,,,,,,,,,,,
1463,TUN,1990,32025,,,,,,,,,,,,,,,
1464,TUN,1995,31851,,,,,,,,,,,,,,,
1465,TUN,2000,29857,,,,,,,,,,,,,,,
1466,TUN,2005,28474,,,,,,,,,,,,,,,
1467,TUN,2010,35123,,,,,,,,,,,,,,,
1468,TUN,2015,45580,,,,,,,,,,,,,,,
1469,TUN,2020,48492,,,,,,,,,,,,,,,
1470,TUR,1990,979704,,,,,,,,,,,,,,,
1471,TUR,1995,1071547,,,,,,,,,,,,,,,
1472,TUR,2000,1175736,,,,,,,,,,,,,,,
1473,TUR,2005,1215274,,,,,,,,,,,,,,,
1474,TUR,2010,1261414,,,,,,,,,,,,,,,
1475,TUR,2015,4197299,,,,,,,,,,,,,,,
1476,TUR,2020,5913141,,,,,,,,,,,,,,,
1477,TUV,1990,246,,,,,,,,,,,,,,,
1478,TUV,1995,180,,,,,,,,,,,,,,,
1479,TUV,2000,136,,,,,,,,,,,,,,,
1480,TUV,2005,123,,,,,,,,,,,,,,,
1481,TUV,2010,120,,,,,,,,,,,,,,,
1482,TUV,2015,125,,,,,,,,,,,,,,,
1483,TUV,2020,127,,,,,,,,,,,,,,,
1484,TZA,1990,569603,,,,,,,,,,,,,,,
1485,TZA,1995,1100291,,,,,,,,,,,,,,,
1486,TZA,2000,941813,,,,,,,,,,,,,,,
1487,TZA,2005,761964,,,,,,,,,,,,,,,
1488,TZA,2010,302821,,,,,,,,,,,,,,,
1489,TZA,2015,343496,,,,,,,,,,,,,,,
1490,TZA,2020,389644,,,,,,,,,,,,,,,
1491,UGA,1990,524217,,,,,,,,,,,,,,,
1492,UGA,1995,588222,,,,,,,,,,,,,,,
1493,UGA,2000,581763,,,,,,,,,,,,,,,
1494,UGA,2005,590870,,,,,,,,,,,,,,,
1495,UGA,2010,490451,,,,,,,,,,,,,,,
1496,UGA,2015,848659,,,,,,,,,,,,,,,
1497,UGA,2020,1717975,,,,,,,,,,,,,,,
1498,UKR,1990,6481438,,,,,,,,,,,,,,,
1499,UKR,1995,5774245,,,,,,,,,,,,,,,
1500,UKR,2000,5137559,,,,,,,,,,,,,,,
1501,UKR,2005,4694360,,,,,,,,,,,,,,,
1502,UKR,2010,4479641,,,,,,,,,,,,,,,
1503,UKR,2015,4495836,,,,,,,,,,,,,,,
1504,UKR,2020,4571036,,,,,,,,,,,,,,,
1505,URY,1990,91866,,,,,,,,,,,,,,,
1506,URY,1995,86635,,,,,,,,,,,,,,,
1507,URY,2000,81477,,,,,,,,,,,,,,,
1508,URY,2005,75452,,,,,,,,,,,,,,,
1509,URY,2010,70395,,,,,,,,,,,,,,,
1510,URY,2015,72691,,,,,,,,,,,,,,,
1511,URY,2020,100965,,,,,,,,,,,,,,,
1512,USA,1990,20134790,,,,,,,,,,,,,,,
1513,USA,1995,26593925,,,,,,,,,,,,,,,
1514,USA,2000,33157941,,,,,,,,,,,,,,,
1515,USA,2005,36996835,,,,,,,,,,,,,,,
1516,USA,2010,42071829,,,,,,,,,,,,,,,
1517,USA,2015,45775575,,,,,,,,,,,,,,,
1518,USA,2020,46586605,,,,,,,,,,,,,,,
1519,UZB,1990,1577433,,,,,,,,,,,,,,,
1520,UZB,1995,1433906,,,,,,,,,,,,,,,
1521,UZB,2000,1325101,,,,,,,,,,,,,,,
1522,UZB,2005,1247571,,,,,,,,,,,,,,,
1523,UZB,2010,1140101,,,,,,,,,,,,,,,
1524,UZB,2015,1094008,,,,,,,,,,,,,,,
1525,UZB,2020,1085715,,,,,,,,,,,,,,,
1526,VCT,1990,3718,,,,,,,,,,,,,,,
1527,VCT,1995,3874,,,,,,,,,,,,,,,
1528,VCT,2000,4036,,,,,,,,,,,,,,,
1529,VCT,2005,4155,,,,,,,,,,,,,,,
1530,VCT,2010,4282,,,,,,,,,,,,,,,
1531,VCT,2015,4346,,,,,,,,,,,,,,,
1532,VCT,2020,4429,,,,,,,,,,,,,,,
1533,VEN,1990,1024726,,,,,,,,,,,,,,,
1534,VEN,1995,1018672,,,,,,,,,,,,,,,
1535,VEN,2000,1013512,,,,,,,,,,,,,,,
1536,VEN,2005,1076317,,,,,,,,,,,,,,,
1537,VEN,2010,1347170,,,,,,,,,,,,,,,
1538,VEN,2015,1404256,,,,,,,,,,,,,,,
1539,VEN,2020,1323914,,,,,,,,,,,,,,,
1540,VGB,1990,7516,,,,,,,,,,,,,,,
1541,VGB,1995,8840,,,,,,,,,,,,,,,
1542,VGB,2000,10155,,,,,,,,,,,,,,,
1543,VGB,2005,11635,,,,,,,,,,,,,,,
1544,VGB,2010,14580,,,,,,,,,,,,,,,
1545,VGB,2015,16672,,,,,,,,,,,,,,,
1546,VGB,2020,18906,,,,,,,,,,,,,,,
1547,VIR,1990,44012,,,,,,,,,,,,,,,
1548,VIR,1995,48707,,,,,,,,,,,,,,,
1549,VIR,2000,53509,,,,,,,,,,,,,,,
1550,VIR,2005,54504,,,,,,,,,,,,,,,
1551,VIR,2010,55526,,,,,,,,,,,,,,,
1552,VIR,2015,55554,,,,,,,,,,,,,,,
1553,VIR,2020,55574,,,,,,,,,,,,,,,
1554,VNM,1990,27398,,,,,,,,,,,,,,,
1555,VNM,1995,49803,,,,,,,,,,,,,,,
1556,VNM,2000,53376,,,,,,,,,,,,,,,
1557,VNM,2005,47983,,,,,,,,,,,,,,,
1558,VNM,2010,57368,,,,,,,,,,,,,,,
1559,VNM,2015,67490,,,,,,,,,,,,,,,
1560,VNM,2020,71153,,,,,,,,,,,,,,,
1561,VUT,1990,1565,,,,,,,,,,,,,,,
1562,VUT,1995,1451,,,,,,,,,,,,,,,
1563,VUT,2000,1361,,,,,,,,,,,,,,,
1564,VUT,2005,1810,,,,,,,,,,,,,,,
1565,VUT,2010,2191,,,,,,,,,,,,,,,
1566,VUT,2015,2329,,,,,,,,,,,,,,,
1567,VUT,2020,2377,,,,,,,,,,,,,,,
1568,WLF,1990,1375,,,,,,,,,,,,,,,
1569,WLF,1995,1668,,,,,,,,,,,,,,,
1570,WLF,2000,1972,,,,,,,,,,,,,,,
1571,WLF,2005,2140,,,,,,,,,,,,,,,
1572,WLF,2010,2086,,,,,,,,,,,,,,,
1573,WLF,2015,2023,,,,,,,,,,,,,,,
1574,WLF,2020,2014,,,,,,,,,,,,,,,
1575,WSM,1990,3124,,,,,,,,,,,,,,,
1576,WSM,1995,4410,,,,,,,,,,,,,,,
1577,WSM,2000,5682,,,,,,,,,,,,,,,
1578,WSM,2005,5339,,,,,,,,,,,,,,,
1579,WSM,2010,4671,,,,,,,,,,,,,,,
1580,WSM,2015,3878,,,,,,,,,,,,,,,
1581,WSM,2020,3640,,,,,,,,,,,,,,,
1582,YEM,1990,90251,,,,,,,,,,,,,,,
1583,YEM,1995,104345,,,,,,,,,,,,,,,
1584,YEM,2000,114137,,,,,,,,,,,,,,,
1585,YEM,2005,138630,,,,,,,,,,,,,,,
1586,YEM,2010,252933,,,,,,,,,,,,,,,
1587,YEM,2015,345526,,,,,,,,,,,,,,,
1588,YEM,2020,352096,,,,,,,,,,,,,,,
1589,ZAF,1990,1057863,,,,,,,,,,,,,,,
1590,ZAF,1995,953701,,,,,,,,,,,,,,,
1591,ZAF,2000,982728,,,,,,,,,,,,,,,
1592,ZAF,2005,1316136,,,,,,,,,,,,,,,
1593,ZAF,2010,1912001,,,,,,,,,,,,,,,
1594,ZAF,2015,2175568,,,,,,,,,,,,,,,
1595,ZAF,2020,2216496,,,,,,,,,,,,,,,
1596,ZMB,1990,270330,,,,,,,,,,,,,,,
1597,ZMB,1995,232462,,,,,,,,,,,,,,,
1598,ZMB,2000,337977,,,,,,,,,,,,,,,
1599,ZMB,2005,228139,,,,,,,,,,,,,,,
1600,ZMB,2010,131183,,,,,,,,,,,,,,,
1601,ZMB,2015,116565,,,,,,,,,,,,,,,
1602,ZMB,2020,166734,,,,,,,,,,,,,,,
1603,ZWE,1990,604946,,,,,,,,,,,,,,,
1604,ZWE,1995,393451,,,,,,,,,,,,,,,
1605,ZWE,2000,361947,,,,,,,,,,,,,,,
1606,ZWE,2005,319910,,,,,,,,,,,,,,,
1607,ZWE,2010,286642,,,,,,,,,,,,,,,
1608,ZWE,2015,288208,,,,,,,,,,,,,,,
1609,ZWE,2020,299407,,,,,,,,,,,,,,,
